"idProduct","Avg. Sell Price","Low Price","Trend Price","German Pro Low","Suggested Price","Foil Sell","Foil Low","Foil Trend","Low Price Ex+","AVG1","AVG7","AVG30","Foil AVG1","Foil AVG7","Foil AVG30",
314532,,0.80,0.65,,,,,,0.80,1.00,1.64,1.64,,,
314533,,3.00,2.65,,,,20.00,,3.00,1.35,4.79,6.04,,,
314534,,0.80,1.37,,,,3.00,,0.80,1.45,1.13,1.13,,,
314535,,2.50,2.59,,,12.00,12.87,12.00,2.50,2.50,2.29,2.20,12.00,12.00,12.00
314536,,3.00,3.16,,,,,0.02,3.00,4.00,4.08,4.40,5.00,5.00,5.00
314537,,0.80,1.52,,,,,,0.80,1.50,1.45,1.39,,,
314538,,0.80,0.78,,,,3.00,,0.80,1.00,0.80,0.80,,,
314539,,0.31,0.08,,,,0.50,,0.31,0.10,0.20,0.20,,,
314540,,0.10,0.09,,,,2.50,,0.10,0.10,0.15,0.15,,,
314541,,0.30,0.21,,,,2.50,1.87,0.30,0.10,0.21,0.21,1.87,1.87,1.87
314542,,0.12,0.22,,,1.99,1.99,,0.12,0.12,0.25,0.25,,,
314543,,0.10,0.13,,,,0.97,,0.10,0.13,0.12,0.12,,,
314544,0.20,0.10,0.15,,,,1.50,1.00,0.10,0.20,0.29,0.29,1.00,1.00,1.00
314545,,0.23,0.13,,,,0.97,,0.23,0.10,0.19,0.19,,,
314546,,0.10,0.02,,,,0.20,,0.10,0.15,0.15,0.15,,,
314547,,0.20,0.10,,,,0.50,,0.20,0.10,0.10,0.10,,,
314548,,0.05,0.05,,,,0.97,,0.05,0.05,0.05,0.05,,,
314549,,0.10,0.08,,,,,,0.10,0.08,0.08,0.08,,,
314550,,0.02,0.23,,,,,,0.02,0.23,0.24,0.24,,,
314551,,0.08,0.12,,,,,,0.08,0.05,0.13,0.13,,,
314552,,0.80,0.50,,,,4.87,,0.80,0.50,0.76,0.76,,,
314553,,0.20,0.08,,,,1.87,,0.20,0.10,0.29,0.32,,,
314554,,0.20,0.25,,,,,,0.20,0.10,0.21,0.21,,,
314555,,0.05,,,,,0.90,,0.05,,,,,,
314556,,1.00,5.47,,,,12.30,,1.00,6.00,3.73,3.73,,,
314557,,2.00,1.73,,,,,,2.00,0.50,6.61,6.61,,,
314558,,0.80,0.50,,,,2.50,,0.80,0.50,0.50,0.50,,,
314559,,0.70,0.57,,,,,,0.70,0.80,0.72,0.72,,,
314560,,2.87,2.96,,,,,3.24,2.87,3.10,2.24,2.27,3.00,3.23,3.23
314561,,0.60,0.02,,,,2.80,,0.60,0.30,0.30,0.30,,,
314562,,0.40,0.70,,,,3.00,2.00,0.40,0.90,1.05,1.05,2.00,2.00,2.00
314563,,0.20,0.37,,,1.30,,2.00,0.20,0.50,0.28,0.29,2.00,2.00,2.00
314564,,0.10,0.27,,,,,,0.10,0.20,0.23,0.23,,,
314565,,0.10,0.05,,,,,,0.10,0.05,0.05,0.05,,,
314566,,0.20,0.39,,,,2.47,,0.20,0.50,0.28,0.25,,,
314567,0.20,0.40,0.44,,,,0.80,2.37,0.40,0.20,0.46,0.63,2.37,2.09,2.09
314568,,0.05,0.15,,,0.15,,0.15,0.05,0.15,0.15,0.15,0.15,0.15,0.15
314569,,0.23,0.15,,,,,,0.23,0.15,0.15,0.15,,,
314570,,0.20,0.08,,,,0.90,,0.20,0.08,0.08,0.08,,,
314571,,0.23,0.13,,,,2.50,,0.23,0.10,0.20,0.20,,,
314572,,0.20,0.22,,,,0.50,0.80,0.20,0.23,0.25,0.25,0.80,0.90,0.90
314573,0.10,0.09,0.12,,,0.50,,,0.09,0.10,0.20,0.20,,,
314574,,0.10,0.16,,,,,1.00,0.10,0.10,0.14,0.14,1.00,1.00,1.00
314575,,1.50,0.97,,,,2.83,,1.50,0.50,1.45,1.45,,,
314576,,0.10,0.10,,,,1.50,,0.10,0.10,0.20,0.20,,,
314577,,0.10,0.18,,,,2.50,,0.10,0.10,0.11,0.11,,,
314578,,0.10,0.20,,,,1.30,1.50,0.10,0.23,0.15,0.16,1.50,1.50,1.50
314579,,0.08,0.05,,,,1.00,,0.08,0.05,0.05,0.05,,,
314580,,2.00,2.61,,,,10.00,,2.00,5.00,4.82,5.06,,,
314581,1.40,1.50,3.55,,,,15.00,6.65,1.50,1.40,5.61,5.84,6.65,6.65,6.65
314582,1.00,1.00,1.49,,,,,3.00,1.00,1.50,1.44,1.32,3.00,3.00,3.00
314583,0.50,1.00,1.59,,,,3.50,,1.00,2.50,1.10,1.14,,,
314584,,0.50,1.56,,,,,1.50,0.50,2.10,0.96,1.00,1.50,2.25,2.25
314585,,1.00,0.46,,,,3.87,,1.00,0.63,1.06,1.06,,,
314586,,0.50,1.01,,,,,2.50,0.50,1.00,0.98,1.07,2.50,2.50,2.50
314587,,0.50,1.38,,,,3.50,,0.50,1.50,1.28,1.28,,,
314588,,0.20,0.18,,,2.00,2.00,2.00,0.20,0.20,0.23,0.23,2.00,2.00,2.00
314589,,0.10,0.42,,,,,,0.10,0.43,0.28,0.28,,,
314590,,0.20,0.09,,,,2.50,,0.20,0.10,0.14,0.14,,,
314591,,0.05,0.10,,,,1.99,,0.05,0.10,0.18,0.18,,,
314592,0.15,0.05,0.15,,,,,,0.05,0.15,0.16,0.16,,,
314593,,0.05,0.10,,,,1.00,,0.05,0.10,0.20,0.20,,,
314594,,0.05,0.02,,,,0.50,,0.05,0.10,0.10,0.10,,,
314595,,0.10,0.20,,,,1.00,,0.10,0.23,0.22,0.22,,,
314596,0.05,0.05,0.23,,,,,1.00,0.05,0.23,0.18,0.18,1.00,1.00,1.00
314597,0.10,0.05,0.12,,,,,,0.05,0.10,0.18,0.18,,,
314598,,0.05,0.12,,,,0.50,,0.05,0.12,0.07,0.07,,,
314599,0.10,0.10,0.16,,,0.50,,,0.10,0.20,0.19,0.19,,,
314600,,0.05,0.25,,,,,,0.05,0.25,0.19,0.19,,,
314601,,0.05,0.10,,,,2.50,,0.05,0.10,0.21,0.21,,,
314602,,0.05,0.10,,,,2.00,,0.05,0.12,0.16,0.16,,,
314603,,0.10,0.11,,,1.00,0.50,1.00,0.10,0.10,0.29,0.29,1.00,1.00,1.00
314604,3.90,2.00,4.88,,,,,20.00,2.00,3.90,5.03,6.30,20.00,20.00,20.00
314605,,2.90,1.78,,,,,0.02,2.90,3.00,4.17,4.17,7.00,7.00,7.00
314606,,0.79,0.65,,,,3.00,,0.79,0.80,0.66,0.66,,,
314607,,1.00,1.18,,,,5.00,4.87,1.00,1.47,1.25,1.22,4.87,4.87,4.87
314608,,0.90,0.93,,,,3.33,,0.90,1.50,1.00,1.00,,,
314609,3.00,2.50,3.07,,,,,3.01,2.50,3.00,2.47,2.59,3.00,3.77,3.77
314610,2.00,2.47,1.57,,,,,,2.47,2.00,1.86,1.86,,,
314611,,0.20,0.09,,,,2.00,,0.20,0.10,0.15,0.15,,,
314612,,0.43,0.15,,,1.80,1.87,,0.43,0.10,0.19,0.19,,,
314613,,0.10,0.28,,,,3.00,3.00,0.10,0.10,0.23,0.22,3.00,3.00,3.00
314614,,0.05,0.18,,,,,,0.05,0.10,0.32,0.32,,,
314615,,0.10,0.10,,,,1.00,,0.10,0.10,0.15,0.15,,,
314616,,0.10,0.12,,,,,,0.10,0.12,0.11,0.11,,,
314617,,0.20,,,,,1.00,,0.20,,,,,,
314618,,0.15,,,,,1.00,,0.15,,,,,,
314619,,0.10,0.26,,,1.00,,1.00,0.10,0.23,0.22,0.22,1.00,1.00,1.00
314620,,0.05,0.17,,,1.00,,1.00,0.05,0.15,0.18,0.18,1.00,1.00,1.00
314621,,0.23,0.17,,,,1.50,,0.23,0.10,0.22,0.22,,,
314622,,0.10,0.18,,,,,0.10,0.10,0.10,0.16,0.16,0.10,0.10,0.10
314623,,1.00,0.69,,,,2.00,,1.00,0.80,0.65,0.65,2.50,2.50,2.50
314624,,0.43,0.10,,,2.00,,2.00,0.43,0.10,0.24,0.24,2.00,2.00,2.00
314625,,0.10,,,,,1.00,,0.10,,,,,,
314626,,0.12,0.12,,,,0.90,,0.12,0.10,0.34,0.34,,,
314627,,0.14,0.18,,,,0.90,1.00,0.14,0.25,0.37,0.35,1.00,1.00,1.00
314628,,2.00,2.80,,,,,,2.00,1.60,2.04,2.04,,,
314629,5.50,6.00,5.02,,,,6.00,,6.00,5.50,5.46,5.46,,,
314630,,1.00,0.79,,,2.30,2.00,,1.00,1.00,0.94,0.94,,,
314631,1.00,2.00,1.22,,,,6.50,,2.00,1.00,1.83,1.90,,,
314632,,0.50,0.50,,,,3.00,,0.50,0.50,0.75,0.75,,,
314633,0.20,0.20,0.33,,,,,1.87,0.20,0.20,0.32,0.31,1.87,1.87,1.87
314634,,0.40,0.29,,,,,1.87,0.40,0.47,0.33,0.42,1.87,1.87,1.87
314635,,0.20,0.17,,,,3.00,4.00,0.20,0.20,0.33,0.33,4.00,4.00,4.00
314636,,0.20,0.31,,,0.70,,0.50,0.20,0.47,0.25,0.25,0.50,1.19,1.19
314637,,0.05,0.07,,,,2.57,,0.05,0.05,0.13,0.13,,,
314638,0.20,0.20,0.19,,,,,4.00,0.20,0.20,0.19,0.29,4.00,3.50,3.50
314639,,0.05,0.15,,,,,,0.05,0.15,0.13,0.13,,,
314640,,0.20,0.15,,,0.40,0.40,,0.20,0.15,0.20,0.20,,,
314641,,0.20,0.15,,,,3.00,,0.20,0.15,0.15,0.15,,,
314642,,0.20,0.22,,,0.50,,0.50,0.20,0.27,0.32,0.29,0.50,0.50,0.50
314643,,0.10,0.10,,,,0.90,,0.10,0.10,0.17,0.17,,,
314644,,0.12,0.20,,,0.90,1.00,,0.12,0.20,0.15,0.15,,,
314645,,0.10,0.23,,,,2.00,,0.10,0.23,0.21,0.21,,,
314646,,0.80,0.84,,,,,,0.80,1.20,0.84,0.84,,,
314647,,1.20,1.78,,,,,4.00,1.20,2.00,2.00,2.00,4.00,4.33,4.33
314648,,1.00,0.84,,,,,,1.00,1.00,1.57,1.57,,,
314649,,0.04,0.13,,,,1.00,,0.04,0.10,0.32,0.32,,,
314650,,0.10,0.14,,,,1.65,0.50,0.10,0.23,0.11,0.11,0.50,0.50,0.50
314651,0.20,0.15,0.17,,,,2.00,3.00,0.15,0.20,0.16,0.16,3.00,1.75,1.75
314652,,,,,,,,35.00,,,,,35.00,35.00,35.00
314653,,,,,,,,,,,,,,,
314654,,100.00,,,,,100.00,3.00,100.00,,,,3.00,3.00,3.00
314655,,,30.00,,,,,,,30.00,30.00,30.00,,,
314656,,,74.95,,,,,,,74.95,74.95,74.95,,,
314714,,2.50,5.84,,,,8.00,10.00,2.50,3.50,5.66,5.66,10.00,10.00,10.00
314715,7.00,7.50,6.48,,,,,5.00,7.50,7.00,4.88,4.92,5.00,5.00,5.00
314716,,0.50,0.02,,,,1.50,,0.50,0.50,0.50,0.50,,,
314717,1.00,1.00,1.07,,,4.00,,4.00,1.00,1.00,1.60,1.60,4.00,4.00,4.00
314718,,0.98,0.51,,,,,,0.98,0.50,0.70,0.70,,,
314719,,1.20,1.31,,,,,3.00,1.20,1.50,1.02,1.02,3.00,3.00,3.00
314720,,0.30,0.50,,,,3.00,,0.30,0.50,1.00,1.00,,,
314721,,0.50,0.18,,,1.50,2.50,,0.50,0.20,0.26,0.26,,,
314722,,0.30,0.12,,,,1.00,,0.30,0.15,0.19,0.19,,,
314723,0.50,0.40,0.39,,,0.90,,,0.40,0.50,0.38,0.38,,,
314724,0.15,0.25,0.12,,,0.90,,,0.25,0.15,0.19,0.19,,,
314725,,0.20,0.13,,,,0.80,,0.20,0.10,0.19,0.19,,,
314726,0.10,0.20,0.22,,,,,1.00,0.20,0.10,0.21,0.21,1.00,1.00,1.00
314727,,0.10,0.10,,,,1.00,,0.10,0.10,0.08,0.08,,,
314728,,0.20,0.10,,,,0.50,,0.20,0.10,0.13,0.13,,,
314729,,0.15,0.15,,,,1.00,,0.15,0.15,0.15,0.15,,,
314730,,0.10,0.10,,,,,,0.10,0.10,0.08,0.08,,,
314731,,0.20,0.10,,,,0.50,,0.20,0.10,0.10,0.10,,,
314732,0.15,0.20,0.12,,,1.00,,1.00,0.20,0.10,0.20,0.24,1.00,1.00,1.00
314733,0.10,0.15,0.25,,,0.50,1.00,0.50,0.15,0.10,0.33,0.31,0.50,0.50,0.50
314734,,0.50,0.34,,,,3.00,,0.50,0.50,0.69,0.69,,,
314735,,0.20,0.20,,,,1.00,,0.20,0.20,0.20,0.20,,,
314736,,0.08,0.11,,,,,,0.08,0.15,0.23,0.23,,,
314737,,0.10,0.10,,,,,,0.10,0.10,0.15,0.15,,,
314738,,2.00,4.28,,,,,,2.00,5.00,3.72,3.72,,,
314739,,3.50,4.56,,,,,,3.50,6.00,5.24,5.24,,,
314740,,0.40,0.33,,,,,,0.40,0.50,0.83,0.83,,,
314741,1.30,1.00,1.06,,,3.00,,3.00,1.00,1.30,1.24,1.29,3.00,3.00,3.00
314742,,0.40,0.02,,,,3.00,,0.40,0.50,0.50,0.50,,,
314743,,1.00,0.51,,,,,,1.00,0.50,1.01,1.01,,,
314744,,0.80,1.19,,,,,3.00,0.80,1.25,0.82,0.82,3.00,3.00,3.00
314745,,0.20,0.18,,,,1.00,,0.20,0.20,0.28,0.28,,,
314746,0.20,0.20,0.19,,,,2.00,,0.20,0.20,0.21,0.21,,,
314747,,0.20,0.19,,,,2.00,,0.20,0.20,0.30,0.30,,,
314748,,0.20,0.18,,,,0.80,,0.20,0.20,0.22,0.22,,,
314749,,0.10,0.16,,,,0.90,1.00,0.10,0.20,0.35,0.35,1.00,1.00,1.00
314750,,0.10,0.10,,,,0.40,,0.10,0.10,0.18,0.18,,,
314751,,0.15,0.15,,,,0.50,,0.15,0.15,0.20,0.20,,,
314752,,0.15,0.15,,,,0.50,,0.15,0.15,0.15,0.15,,,
314753,,0.05,0.10,,,,1.00,1.00,0.05,0.10,0.10,0.10,1.00,1.00,1.00
314754,,0.10,0.13,,,1.20,2.00,1.30,0.10,0.10,0.22,0.22,1.30,1.30,1.30
314755,,0.10,0.08,,,,1.30,0.50,0.10,0.10,0.23,0.23,0.50,0.50,0.50
314756,,0.10,0.10,,,,,,0.10,0.10,0.08,0.08,,,
314757,,0.20,0.30,,,,,,0.20,0.10,0.25,0.25,,,
314758,,2.00,3.00,,,,3.00,,2.00,3.00,2.43,2.43,,,
314759,,0.20,0.20,,,,,,0.20,0.20,0.41,0.41,,,
314760,0.15,0.20,0.13,,,,,0.95,0.20,0.15,0.20,0.20,0.95,0.95,0.95
314761,,0.10,0.09,,,,0.90,,0.10,0.10,0.43,0.43,,,
314762,,7.00,3.70,,,,,,7.00,4.00,4.43,4.43,,,
314763,1.90,2.00,3.11,,,,20.00,,2.00,1.90,8.08,8.08,,,
314764,,0.80,0.36,,,,3.30,,0.80,0.50,0.86,0.86,,,
314765,,0.90,0.75,,,,3.00,,0.90,0.75,0.63,0.63,,,
314766,,1.00,1.55,,,2.90,3.00,2.90,1.00,1.65,1.22,1.22,2.90,2.90,2.90
314767,,1.00,0.68,,,,,,1.00,1.00,0.98,1.03,,,
314768,,0.20,1.22,,,,,,0.20,1.50,1.19,1.19,,,
314769,,0.50,0.42,,,,1.00,,0.50,0.50,0.75,0.75,,,
314770,,0.05,0.20,,,,2.00,,0.05,0.20,0.35,0.35,,,
314771,,0.10,0.19,,,,2.00,,0.10,0.20,0.25,0.25,,,
314772,,0.10,0.16,,,,2.00,,0.10,0.20,0.33,0.33,,,
314773,0.05,0.05,0.05,,,0.20,,,0.05,0.05,0.15,0.15,,,
314774,,0.05,0.10,,,,1.00,1.00,0.05,0.10,0.16,0.16,1.00,1.00,1.00
314775,,0.05,0.09,,,0.20,1.00,,0.05,0.10,0.14,0.14,,,
314776,,0.05,0.15,,,1.00,1.00,1.00,0.05,0.15,0.15,0.15,1.00,1.00,1.00
314777,0.10,0.05,0.10,,,,,,0.05,0.10,0.15,0.15,,,
314778,0.08,0.05,0.09,,,,,,0.05,0.10,0.22,0.22,,,
314779,,0.05,0.10,,,0.20,1.00,,0.05,0.10,0.10,0.10,,,
314780,,0.05,0.09,,,,,1.00,0.05,0.10,0.15,0.15,1.00,1.00,1.00
314781,,0.05,0.02,,,,1.00,,0.05,0.15,0.15,0.15,,,
314782,,0.10,0.50,,,,1.99,,0.10,0.50,0.40,0.40,,,
314783,0.20,0.50,0.17,,,,,,0.50,0.20,0.30,0.30,,,
314784,,0.05,0.10,,,,,,0.05,0.10,0.34,0.34,,,
314785,,0.05,0.10,,,,1.00,,0.05,0.10,0.08,0.08,,,
314786,,5.00,5.71,,,10.00,,5.00,5.00,7.50,4.94,4.94,5.00,5.00,5.00
314787,4.50,6.00,2.45,,,,,12.50,6.00,4.50,10.40,12.39,12.50,12.50,12.50
314788,,1.00,0.88,,,,3.00,2.00,1.00,1.00,0.92,0.92,2.00,2.00,2.00
314789,,1.00,0.50,,,,3.00,,1.00,0.50,0.50,0.50,,,
314790,,1.40,1.39,,,,2.00,2.50,1.40,1.40,1.25,1.25,2.50,2.50,2.50
314791,,0.50,0.02,,,,,,0.50,0.50,0.50,0.50,,,
314792,,0.50,0.43,,,,,,0.50,0.50,0.60,0.60,,,
314793,,0.50,1.05,,,,1.50,0.02,0.50,1.50,1.17,1.17,2.00,2.00,2.00
314794,0.20,0.37,0.18,,,,2.00,,0.37,0.20,0.35,0.35,,,
314795,,0.20,0.20,,,,2.00,,0.20,0.20,0.13,0.13,,,
314796,,0.20,0.20,,,,1.50,,0.20,0.20,0.20,0.20,,,
314797,0.50,0.50,0.35,,,,2.00,,0.50,0.50,0.43,0.43,,,
314798,,0.20,0.02,,,,,,0.20,0.20,0.20,0.20,,,
314799,,0.20,0.26,,,,,1.00,0.20,0.14,0.25,0.25,1.00,1.00,1.00
314800,,0.10,0.09,,,,0.50,,0.10,0.10,0.14,0.14,,,
314801,,0.10,0.10,,,,0.90,,0.10,0.10,0.37,0.37,,,
314802,,0.10,0.10,,,,0.50,,0.10,0.10,0.21,0.21,,,
314803,,0.10,0.10,,,,5.00,,0.10,0.10,0.12,0.12,,,
314804,,0.10,0.10,,,,,,0.10,0.10,0.08,0.08,,,
314805,0.14,0.20,0.14,,,1.00,,1.00,0.20,0.14,0.15,0.15,1.00,1.00,1.00
314806,,0.20,0.20,,,,2.00,0.34,0.20,0.20,0.35,0.35,0.34,0.34,0.34
314807,,0.10,0.10,,,,0.50,0.50,0.10,0.10,0.18,0.18,0.50,0.50,0.50
314808,,0.10,0.10,,,,,,0.10,0.10,0.16,0.16,,,
314809,0.10,0.10,0.08,,,,1.00,1.00,0.10,0.10,0.33,0.33,1.00,1.00,1.00
314810,2.67,2.00,4.70,,,,,,2.00,3.00,5.24,6.26,,,
314811,,7.50,6.70,,,,20.00,5.00,7.50,7.50,6.13,5.33,5.00,5.00,5.00
314812,1.00,1.00,0.77,,,,,3.00,1.00,1.00,0.88,1.12,3.00,3.00,3.00
314813,,1.00,1.06,,,,1.50,3.00,1.00,1.30,0.99,0.99,3.00,3.00,3.00
314814,,0.80,0.85,,,3.00,,3.00,0.80,1.00,0.88,0.92,3.00,3.15,3.15
314815,,0.50,0.34,,,,2.00,,0.50,0.45,0.60,0.58,,,
314816,1.00,1.00,0.87,,,,,7.00,1.00,1.00,0.85,1.03,7.00,7.00,7.00
314817,,0.41,0.19,,,1.50,2.00,,0.41,0.20,0.32,0.32,,,
314818,,0.35,0.20,,,,1.60,,0.35,0.20,0.40,0.40,,,
314819,0.29,0.50,0.31,,,,,2.00,0.50,0.20,0.35,0.40,2.00,2.00,2.00
314820,,0.15,0.43,,,,,,0.15,0.50,0.30,0.30,,,
314821,,0.20,0.10,,,,1.20,1.00,0.20,0.10,0.29,0.27,1.00,1.00,1.00
314822,,0.10,0.17,,,,1.00,,0.10,0.10,0.21,0.21,,,
314823,,0.19,0.10,,,,0.50,0.30,0.19,0.10,0.08,0.08,0.30,0.30,0.30
314824,0.14,0.20,0.17,,,,1.00,,0.20,0.14,0.21,0.21,,,
314825,0.20,0.20,0.14,,,0.80,0.80,1.00,0.20,0.20,0.20,0.20,1.00,1.00,1.00
314826,0.20,0.10,0.14,,,1.20,3.00,,0.10,0.20,0.23,0.23,,,
314827,,0.10,0.19,,,,0.50,,0.10,0.10,0.23,0.23,,,
314828,,0.14,0.14,,,,1.99,,0.14,0.14,0.15,0.15,,,
314829,,0.10,0.19,,,,0.50,,0.10,0.31,0.24,0.24,,,
314830,,0.65,0.62,,,,,,0.65,0.70,1.08,1.08,,,
314831,,0.20,0.20,,,,,,0.20,0.20,0.13,0.13,,,
314832,,0.50,0.18,,,,,1.00,0.50,0.20,0.42,0.46,1.00,1.00,1.00
314833,,0.20,0.17,,,,,,0.20,0.10,0.20,0.20,,,
314834,,,50.00,,,,,,,50.00,50.00,50.00,,,
314835,,,,,,,,,,,,,,,
314836,,,,,,,,,,,,,45.00,45.00,45.00
314837,,85.00,,,,,,,85.00,,,,,,
314838,,,,,,,,80.00,,,,,80.00,80.00,80.00
314839,1.40,1.00,0.89,,,2.50,1.50,1.79,1.00,1.40,1.13,1.13,2.50,2.21,2.21
314840,,0.28,,,,,,,0.28,,,,,,
314841,,0.28,0.02,,,,,,0.28,0.20,0.20,0.20,,,
314842,,0.10,0.02,,,,,,0.10,0.20,0.20,0.20,,,
314843,,,0.10,,,,,,,0.10,0.10,0.10,,,
314844,,3.00,2.54,,,,3.50,2.95,3.00,2.50,2.71,2.71,3.00,2.98,2.98
314845,0.28,,0.28,,,,,,,0.28,0.28,0.28,,,
314846,,0.28,0.02,,,,,,0.28,0.50,0.50,0.50,,,
314847,,0.28,0.30,,,,,,0.28,0.30,0.30,0.30,,,
314848,,0.28,,,,,,,0.28,,,,,,
314849,,0.10,,,,,,,0.10,,,,,,
314850,,1.00,2.25,,,1.25,1.50,1.50,1.00,2.50,2.33,2.33,1.50,2.80,2.80
314851,,0.25,,,,,0.70,,0.25,,,,,,
314852,,2.00,1.75,,,,3.00,1.00,2.00,1.75,1.83,1.83,1.00,2.00,2.00
314853,,1.00,0.83,,,,1.50,1.40,1.00,1.00,1.08,1.08,1.50,2.68,2.68
314854,,0.28,0.02,,,,,,0.28,0.50,0.50,0.50,,,
314855,,0.15,,,,,,,0.15,,,,,,
314856,0.50,0.50,0.50,,,1.00,2.00,1.00,0.50,0.50,0.50,0.50,1.00,1.00,1.00
314857,,0.15,0.02,,,,,,0.15,0.14,0.14,0.14,,,
314858,,0.28,,,,,,,0.28,,,,,,
314859,,0.15,0.14,,,,,,0.15,0.14,0.17,0.17,,,
314860,,0.20,0.50,,,0.50,1.00,0.50,0.20,0.50,0.50,0.50,0.50,0.50,0.50
314861,0.50,0.50,0.50,,,,,,0.50,0.50,0.35,0.35,,,
314862,,0.28,0.02,,,,,,0.28,0.50,0.50,0.50,,,
314863,,1.40,1.22,,,,2.00,2.01,1.40,1.50,2.50,2.50,2.50,3.62,3.62
314864,,0.15,0.02,,,,,,0.15,0.14,0.14,0.14,,,
314865,,0.28,,,,,,,0.28,,,,,,
314866,1.00,1.00,1.00,,,2.40,1.80,2.40,1.00,1.00,1.25,1.25,2.40,2.48,2.48
314867,,0.28,0.30,,,,,,0.28,0.30,0.40,0.40,,,
314868,,,0.05,,,,,,,0.05,0.05,0.05,,,
314869,,0.15,,,,,,,0.15,,,,,,
314870,,0.15,0.02,,,,,,0.15,0.14,0.14,0.14,,,
314871,,0.50,,,,,,,0.50,,,,,,
314872,,1.00,,,,,2.00,,1.00,,,,,,
314873,,0.15,,,,,,,0.15,,,,,,
314874,,0.05,0.09,,,,,,0.05,0.09,0.10,0.10,,,
314875,,0.05,0.29,,,,,,0.05,0.30,0.16,0.16,,,
314876,,0.14,0.02,,,,,,0.14,0.14,0.14,0.14,,,
314877,0.20,0.20,0.20,,,1.00,0.50,1.00,0.20,0.20,0.17,0.17,1.00,1.00,1.00
314878,,0.28,,,,,,,0.28,,,,,,
314879,0.28,,0.28,,,,,,,0.28,0.21,0.21,,,
314880,,0.10,,,,,0.35,,0.10,,,,,,
314881,,0.28,,,,,,,0.28,,,,,,
314882,0.28,0.05,0.28,,,,,,0.05,0.28,0.19,0.19,,,
314883,0.28,0.20,0.31,,,,,,0.20,0.28,0.24,0.24,,,
314884,0.50,0.50,0.50,,,,,,0.50,0.50,0.50,0.50,,,
314885,,0.28,,,,,,,0.28,,,,,,
314886,0.28,,0.28,,,,,,,0.28,0.24,0.24,,,
314887,,,0.30,,,,,,,0.30,0.30,0.30,,,
314888,,0.50,,,,1.00,2.50,,0.50,,,,,,
314889,,0.05,0.02,,,,,,0.05,0.09,0.09,0.09,,,
314890,,,,,,,,,,,,,,,
314891,,0.05,,,,,,,0.05,,,,,,
314892,,3.00,,,,,3.00,,3.00,,,,,,
314893,,0.05,0.02,,,,,,0.05,0.09,0.09,0.09,,,
314894,,,,,,,,,,,,,,,
314895,,0.10,,,,,,,0.10,,,,,,
314896,,,,,,,,,,,,,,,
314897,,3.50,1.77,,,3.25,4.00,3.41,3.50,2.00,2.86,2.86,4.00,3.75,3.75
314898,,,,,,,,,,,,,,,
314899,,,,,,,,,,,,,,,
314900,,1.00,,,,,2.00,,1.00,,,,1.80,2.15,2.15
314901,,,,,,,,,,,,,,,
314902,,3.00,0.05,,,,3.90,4.00,3.00,0.05,0.70,0.70,4.00,4.00,4.00
314903,,,0.02,,,,,,,0.10,0.10,0.10,,,
314904,,0.28,,,,,,,0.28,,,,,,
314905,,2.00,,,,2.50,2.50,2.50,2.00,,,,2.50,2.50,2.50
314906,,0.28,0.02,,,,,,0.28,0.14,0.14,0.14,,,
314907,,1.90,,,,,2.50,,1.90,,,,,,
314908,,0.28,0.30,,,,,,0.28,0.30,0.30,0.30,,,
314909,,,,,,,,,,,,,,,
314910,,0.50,0.29,,,1.00,0.90,1.00,0.50,0.29,0.29,0.29,1.00,1.00,1.00
314911,,,,,,,,,,,,,,,
314912,0.28,,0.28,,,,,,,0.28,0.21,0.21,,,
314913,,,0.02,,,,,,,0.25,0.25,0.25,,,
314914,,0.50,0.02,,,,,,0.50,0.14,0.14,0.14,,,
314915,,,0.02,,,,,,,0.10,0.10,0.10,,,
314916,,1.90,,,,,2.50,,1.90,,,,,,
314917,,1.00,,,,,3.00,,1.00,,,,,,
314918,,,,,,,,,,,,,,,
314919,,,0.25,,,,,,,0.25,0.25,0.25,,,
314920,,1.00,,,,,2.00,,1.00,,,,,,
314921,,0.50,0.02,,,,,,0.50,0.10,0.10,0.10,,,
314922,,,0.02,,,,,,,2.48,2.48,2.48,,,
314923,,,1.98,,,,,,,1.98,1.98,1.98,,,
314924,,0.23,0.02,,,,,,0.23,0.24,0.24,0.24,,,
314925,,0.24,0.02,,,,,,0.24,0.24,0.24,0.24,,,
314926,,,0.02,,,,,,,0.24,0.24,0.24,,,
314927,,,0.02,,,,,,,0.98,0.98,0.98,,,
314928,,5.00,0.02,,,,,,5.00,0.24,0.24,0.24,,,
314929,,0.24,0.02,,,,,,0.24,0.24,0.24,0.24,,,
314930,,,0.02,,,,,,,0.24,0.24,0.24,,,
314931,,0.24,0.02,,,,,,0.24,0.24,0.24,0.24,,,
314932,,,0.02,,,,,,,0.24,0.24,0.24,,,
314933,,0.24,0.02,,,,,,0.24,0.24,0.24,0.24,,,
314934,,0.24,0.02,,,,,,0.24,0.24,0.24,0.24,,,
314935,,0.24,0.02,,,,,,0.24,0.24,0.24,0.24,,,
314936,,0.48,0.02,,,,,,0.48,0.48,0.48,0.48,,,
314937,,0.24,0.02,,,,,,0.24,0.24,0.24,0.24,,,
314938,,0.24,0.02,,,,,,0.24,0.24,0.24,0.24,,,
314939,,,0.02,,,,,,,0.48,0.48,0.48,,,
314959,,0.50,0.53,,,,,,0.50,0.50,0.36,0.36,,,
314960,,0.50,0.36,,,,,,0.50,0.50,0.55,0.55,,,
314961,,2.00,3.14,,,,,,2.00,3.00,2.50,2.50,,,
314962,2.00,,1.62,,,,,,,2.00,4.43,4.43,,,
314963,,,2.81,,,,,7.00,,3.00,4.15,4.28,7.00,7.00,7.00
314964,,0.90,2.50,,,,,,0.90,2.50,2.58,2.58,2.00,2.00,2.00
314965,,2.50,3.50,,,,2.50,,2.50,3.50,2.75,2.75,,,
314966,1.00,1.50,1.29,,,,,,1.50,1.00,1.36,1.39,,,
314967,,3.50,3.50,,,3.50,3.50,3.22,3.50,3.50,3.50,3.50,3.50,3.11,3.11
314968,,1.50,1.50,,,,,,1.50,1.50,1.50,1.50,,,
314969,,3.00,0.02,,,,3.00,3.06,3.00,3.00,3.00,3.00,3.00,3.30,3.30
314970,,0.50,1.00,,,,,,0.50,1.00,1.00,1.00,,,
314971,,0.50,1.00,,,,,,0.50,1.00,1.00,1.00,,,
314972,,0.50,1.00,,,,,,0.50,1.00,1.00,1.00,,,
314973,,0.50,1.00,,,,,,0.50,1.00,1.00,1.00,,,
314974,,0.50,1.00,,,,,,0.50,1.00,1.00,1.00,,,
314975,,2.50,2.00,,,2.50,2.50,2.56,2.50,2.00,2.00,2.00,2.50,2.43,2.37
314976,,,,,,,,,,,,,,,
314977,,,,,,,,,,,,,,,
314978,,0.10,0.18,,,,,,0.10,0.10,0.19,0.19,,,
314979,,3.00,,,,,3.00,3.19,3.00,,,,3.00,3.17,3.17
314980,,0.10,0.27,,,,,,0.10,0.10,0.18,0.18,,,
314981,,0.60,,,,,7.00,,0.60,,,,,,
314982,,4.50,4.27,,,,27.50,19.99,4.50,5.00,4.14,4.14,19.99,19.99,19.99
314983,,0.50,1.00,,,,,,0.50,1.00,1.00,1.00,,,
314984,,2.00,2.00,,,,3.00,,2.00,2.00,2.00,2.00,3.00,3.00,3.00
314985,,,,,,,,,,,,,,,
314986,,,0.20,,,,,,,0.20,0.20,0.20,,,
314987,,5.00,0.02,,,,5.00,3.50,5.00,4.00,4.00,4.00,3.50,3.50,3.50
314988,,12.50,0.02,,,,,,12.50,12.50,12.50,12.50,,,
314989,,2.00,,,,,2.00,1.96,2.00,,,,2.00,1.40,1.40
314990,,,,,,,,,,,,,,,
316172,,0.99,,,,,,,0.99,,,,,,
316173,,0.27,0.28,,,,,,0.27,0.28,0.28,0.28,,,
316174,,0.99,,,,,,,0.99,,,,,,
316175,,2.00,,,,,2.00,,2.00,,,,,,
316176,,,,,,,,,,,,,,,
316177,,,,,,,,,,,,,,,
316178,,0.99,,,,,,,0.99,,,,,,
316179,,,,,,,,,,,,,,,
316180,,0.60,1.78,,,,,,0.60,1.90,0.76,0.76,,,
316181,,0.20,0.58,,,,2.50,1.20,0.20,0.74,0.31,0.37,1.20,1.20,1.20
316182,,2.00,2.49,,,,20.00,,2.00,4.00,7.44,7.44,,,
316183,,0.10,0.25,,,0.31,2.50,0.31,0.10,0.30,0.27,0.27,0.31,0.31,0.31
316184,,0.10,0.30,,,,1.00,,0.10,0.47,0.16,0.16,,,
316185,,7.47,4.05,,,,,,7.47,7.00,6.39,6.39,,,
316186,,3.50,3.42,,,,18.00,9.00,3.50,3.50,7.57,7.57,9.00,9.00,9.00
316187,,1.50,3.20,,,,,0.02,1.50,4.00,4.86,4.86,0.50,0.50,0.50
316188,,1.50,0.12,,,,4.00,,1.50,0.50,0.73,0.73,,,
316189,1.47,0.60,1.27,,,,,,0.60,1.47,0.89,0.89,,,
316190,,0.40,0.82,,,,4.00,,0.40,1.00,0.69,0.69,,,
316191,0.34,0.47,0.29,,,5.00,,5.00,0.47,0.47,0.21,0.26,5.00,3.75,3.75
316192,0.20,0.15,0.12,,,,2.50,,0.15,0.20,0.38,0.38,,,
316193,,0.10,0.09,,,,1.00,,0.10,0.10,0.15,0.15,,,
316194,,3.00,4.33,,,,,15.00,3.00,9.00,7.23,7.23,15.00,15.00,15.00
316195,8.00,8.00,4.71,,,,,,8.00,8.00,5.94,7.41,,,
316196,,1.08,0.98,,,,1.50,,1.08,1.04,0.55,0.55,,,
316197,,0.20,0.14,,,,,,0.20,0.20,0.45,0.45,,,
316198,,0.15,0.14,,,,,,0.15,0.15,0.11,0.11,,,
316199,,0.10,0.09,,,,4.74,,0.10,0.10,0.19,0.19,,,
316200,,0.10,0.30,,,,,1.00,0.10,0.10,0.18,0.18,1.00,1.00,1.00
316201,,7.00,3.15,,,,,25.00,7.00,1.20,2.43,2.43,25.00,25.00,25.00
316202,0.18,0.05,0.14,,,,,,0.05,0.15,0.26,0.31,,,
316203,,0.10,0.15,,,,,,0.10,0.10,0.11,0.11,,,
316204,,0.20,0.29,,,,,,0.20,0.44,0.18,0.18,,,
316205,,0.10,0.10,,,,1.00,,0.10,0.10,0.10,0.10,,,
316206,,2.50,7.75,,,,25.00,,2.50,8.47,3.89,3.89,,,
316207,,0.10,0.09,,,,,,0.10,0.10,0.15,0.15,,,
316232,0.10,0.10,0.25,,,,,1.50,0.10,0.10,0.22,0.22,1.50,1.25,1.25
316233,,0.60,0.28,,,,,,0.60,0.50,0.87,0.87,,,
316240,,0.10,0.10,,,,1.00,,0.10,0.10,0.11,0.11,,,
316249,,0.20,0.15,,,,2.50,,0.20,0.20,0.29,0.29,,,
316268,,1.00,3.17,,,,,,1.00,3.00,1.75,1.75,,,
316269,,0.04,0.05,,,,0.90,,0.04,0.05,0.13,0.13,,,
316277,,0.10,0.20,,,,5.00,,0.10,0.10,0.13,0.13,,,
316293,0.27,0.27,0.40,,,,5.00,1.00,0.27,0.27,0.32,0.28,1.00,1.00,1.00
316330,,0.70,1.02,,,,4.70,2.00,0.70,1.47,0.87,0.87,2.00,2.00,2.00
316608,,10.00,10.23,,,,,,10.00,10.60,8.40,8.40,,,
318223,,0.40,0.13,,,,,,0.40,0.50,0.75,0.75,,,
318787,,0.10,0.10,,,,1.00,,0.10,0.10,0.10,0.10,,,
318801,,0.20,0.20,,,,2.50,,0.20,0.20,0.20,0.20,,,
318854,,1.00,1.42,,,,4.30,,1.00,1.47,0.96,0.96,,,
318855,,1.40,1.45,,,,4.00,4.00,1.40,1.47,1.16,1.24,4.00,4.00,4.00
318856,,1.00,0.80,,,,4.00,,1.00,1.47,0.97,0.97,,,
318857,,1.47,1.09,,,,4.00,,1.47,1.50,0.85,0.85,,,
318858,,0.20,0.44,,,,2.50,,0.20,0.44,0.25,0.25,,,
318859,,0.10,0.39,,,,,,0.10,0.44,0.34,0.34,,,
318860,,0.10,0.10,,,,1.00,,0.10,0.10,0.11,0.11,,,
318861,0.10,0.10,0.07,,,1.00,,1.00,0.10,0.10,0.13,0.16,1.00,1.00,1.00
318862,,0.10,0.11,,,,,,0.10,0.10,0.11,0.11,,,
318863,,0.10,0.09,,,,0.50,,0.10,0.10,0.15,0.15,,,
318864,,0.10,0.13,,,,,,0.10,0.20,0.15,0.15,,,
318865,,0.10,0.10,,,,0.26,,0.10,0.10,0.17,0.17,,,
318866,,0.10,0.41,,,,,,0.10,0.50,0.22,0.22,,,
318867,0.19,0.10,0.21,,,1.00,,1.00,0.10,0.10,0.19,0.19,1.00,1.00,1.00
318868,,0.40,1.63,,,,,,0.40,1.90,1.06,1.06,,,
318869,1.47,1.00,1.34,,,,,4.00,1.00,1.47,0.87,0.93,4.00,4.00,4.00
318870,,1.74,1.87,,,,,2.00,1.74,1.74,1.77,1.61,2.00,3.00,3.00
318871,,1.47,0.29,,,,3.50,,1.47,0.50,0.50,0.50,,,
318872,,0.40,1.91,,,,5.00,4.00,0.40,2.10,0.94,0.94,4.00,4.00,4.00
318873,,0.40,0.10,,,,4.00,,0.40,0.10,0.30,0.30,,,
318874,,0.15,0.12,,,,,,0.15,0.15,0.21,0.21,,,
318875,0.20,0.15,0.18,,,,5.00,2.50,0.15,0.20,0.21,0.26,2.50,2.50,2.50
318876,,0.10,0.20,,,,2.50,,0.10,0.20,0.20,0.20,,,
318877,,0.10,0.10,,,,1.00,,0.10,0.10,0.11,0.11,,,
318878,,0.10,0.10,,,,1.00,,0.10,0.10,0.09,0.09,,,
318879,,0.10,0.12,,,,2.00,1.00,0.10,0.10,0.17,0.17,1.00,1.00,1.00
318880,,0.10,0.08,,,,,,0.10,0.10,0.13,0.13,,,
318881,,0.10,0.13,,,,3.00,,0.10,0.10,0.17,0.17,,,
318882,,0.10,0.10,,,,1.00,,0.10,0.10,0.10,0.10,,,
318883,,0.10,0.19,,,,,1.00,0.10,0.10,0.15,0.15,1.00,1.00,1.00
318884,,0.10,0.45,,,,2.50,1.00,0.10,0.50,0.20,0.20,1.00,1.00,1.00
318885,,0.40,1.52,,,,1.50,,0.40,1.47,0.56,0.56,,,
318886,0.15,0.15,0.11,,,,,,0.15,0.15,0.20,0.23,,,
318887,,0.10,0.09,,,,,1.00,0.10,0.10,0.15,0.15,1.00,1.00,1.00
318888,,0.60,0.42,,,,4.00,,0.60,0.80,0.76,0.76,,,
318889,,0.20,0.17,,,,,,0.20,0.20,0.33,0.33,,,
318890,,0.05,0.14,,,,2.50,,0.05,0.15,0.11,0.11,,,
318891,,0.10,0.10,,,,1.00,,0.10,0.10,0.10,0.10,,,
318892,0.10,0.10,0.14,,,,,,0.10,0.10,0.15,0.15,,,
318893,,0.10,0.31,,,,4.50,,0.10,0.47,0.18,0.18,,,
318894,,0.10,0.10,,,,1.00,,0.10,0.10,0.10,0.10,,,
318895,0.10,0.10,0.21,,,,1.50,1.50,0.10,0.10,0.16,0.16,1.50,1.50,1.50
318896,,0.10,0.10,,,,,,0.10,0.10,0.18,0.18,,,
318897,,0.10,0.10,,,,,,0.10,0.10,0.10,0.10,,,
318898,,0.15,0.09,,,,,1.00,0.15,0.15,0.27,0.27,1.00,1.00,1.00
318899,,0.15,0.11,,,,,,0.15,0.15,0.23,0.23,,,
318900,,0.10,0.10,,,,0.95,1.00,0.10,0.10,0.13,0.13,1.00,1.00,1.00
318901,,0.50,1.02,,,,5.74,4.00,0.50,1.47,0.97,1.15,4.00,4.00,4.00
318902,,0.60,0.18,,,,1.50,,0.60,0.50,0.83,0.83,,,
318903,,1.07,1.19,,,,,,1.07,0.40,0.77,0.77,,,
318904,,0.20,0.19,,,,1.00,,0.20,0.20,0.15,0.15,,,
318905,,0.15,0.14,,,,2.90,,0.15,0.15,0.11,0.11,,,
318906,,0.15,0.14,,,,5.00,2.50,0.15,0.15,0.13,0.13,2.50,2.50,2.50
318907,,0.15,0.12,,,,1.00,1.00,0.15,0.15,0.50,0.50,1.00,1.00,1.00
318908,,0.10,0.09,,,,1.00,,0.10,0.10,0.14,0.14,,,
318909,,0.10,0.10,,,,1.00,,0.10,0.10,0.09,0.09,,,
318910,,0.10,0.09,,,,1.80,0.50,0.10,0.10,0.17,0.17,0.50,0.50,0.50
318911,,0.10,0.08,,,,1.00,,0.10,0.10,0.30,0.30,,,
318912,,0.40,0.17,,,,4.00,,0.40,0.50,0.77,0.77,,,
318913,,0.10,0.10,,,,4.50,,0.10,0.10,0.09,0.09,,,
318914,,0.10,0.10,,,,,,0.10,0.10,0.10,0.10,,,
318915,,0.50,0.18,,,,4.50,,0.50,0.50,0.73,0.73,,,
318916,,1.00,0.83,,,,,,1.00,1.47,0.71,0.81,,,
318917,4.00,4.00,3.28,,,,,4.00,4.00,4.00,2.36,1.59,4.00,4.00,4.00
318918,0.18,0.15,0.15,,,,,,0.15,0.20,0.15,0.19,,,
318919,,0.15,0.20,,,,5.00,,0.15,0.20,0.20,0.20,,,
318920,0.20,0.20,0.18,,,,,,0.20,0.20,0.15,0.21,,,
318921,,0.20,0.30,,,,1.50,2.50,0.20,0.25,0.24,0.24,2.50,2.50,2.50
318922,,0.10,0.09,,,,1.80,,0.10,0.10,0.15,0.15,,,
318923,0.20,0.10,0.19,,,,,0.40,0.10,0.20,0.20,0.28,0.40,0.40,0.40
318924,0.50,0.47,0.41,,,,,1.00,0.47,0.50,0.49,0.32,1.00,1.00,1.00
318925,,0.10,0.10,,,,,,0.10,0.10,0.10,0.10,,,
318926,,0.40,0.10,,,,,,0.40,0.10,0.82,0.82,,,
318927,,0.15,0.15,,,,2.50,1.20,0.15,0.20,0.28,0.37,1.20,1.20,1.20
318928,0.25,0.25,0.21,,,,,2.50,0.25,0.25,0.33,0.33,2.50,2.50,2.50
318929,,0.10,0.18,,,,2.50,,0.10,0.20,0.10,0.10,,,
318930,,0.60,0.80,,,,,,0.60,1.00,0.72,0.72,,,
318931,,0.10,0.16,,,,,1.00,0.10,0.10,0.18,0.18,1.00,1.00,1.00
318932,,0.40,0.10,,,,,,0.40,0.10,0.30,0.30,,,
318933,,,,,,,,,,,,,,,
318934,,80.00,,,,,80.00,65.00,80.00,,,,65.00,65.00,65.00
318935,,,,,,,,,,,,,,,
318936,,,,,,,,0.02,,,,,59.00,59.00,59.00
318937,,,,,,,,,,,,,,,
318938,,0.28,,,,,,,0.28,,,,,,
318939,,0.28,,,,,,,0.28,,,,,,
318940,,0.28,,,,,,,0.28,,,,,,
318941,,,,,,,,,,,,,,,
318942,,0.28,,,,,,,0.28,,,,,,
318943,,0.28,,,,,,,0.28,,,,,,
318944,,0.28,,,,,,,0.28,,,,,,
318945,,0.28,,,,,,,0.28,,,,,,
318946,,0.28,,,,,,,0.28,,,,,,
318947,,,0.02,,,,,,,0.25,0.25,0.25,,,
318954,,,,,,,,,,,,,,,
318955,,0.10,0.08,,,,,,0.10,0.10,0.13,0.13,,,
318956,,2.00,3.30,,,,3.00,,2.00,3.30,3.30,3.30,3.00,3.00,3.00
318957,,3.00,0.02,,,,,,3.00,3.00,3.00,3.00,,,
318958,,,,,,,,,,,,,,,
318959,,,3.00,,,,,,,3.00,3.00,3.00,,,
318960,,,,,,,,,,,,,,,
318961,,1.50,1.86,,,,5.00,1.62,1.50,1.62,1.20,1.20,1.62,1.62,1.62
318985,,,,,,,,,,,,,,,
319599,,3.80,0.02,,,,,,3.80,4.00,4.00,4.00,,,
319600,,7.00,,,,,7.00,,7.00,,,,7.00,7.00,7.00
355359,,0.75,0.85,,,,4.00,,0.75,1.00,1.00,1.00,,,
355360,,0.23,0.38,,,,0.99,,0.23,0.35,0.31,0.31,,,
355361,,0.30,0.35,,,,,,0.30,0.30,0.43,0.43,,,
355466,,0.10,0.19,,,,,0.50,0.10,0.20,0.23,0.23,0.50,0.50,0.50
355468,0.95,0.99,1.11,,,5.00,,5.00,0.99,0.95,0.79,0.91,5.00,4.33,4.33
355469,,0.45,0.47,,,,,,0.45,0.50,0.41,0.41,,,
355475,,0.45,0.32,,,,1.50,,0.45,0.49,0.83,0.83,,,
355518,0.10,0.10,0.13,,,,0.49,,0.10,0.10,0.16,0.16,,,
355521,,0.45,0.50,,,,0.99,,0.45,0.50,0.50,0.50,,,
355682,0.73,0.50,0.83,,,,,,0.50,0.45,0.88,0.88,,,
355779,,0.10,0.21,,,,0.49,,0.10,0.20,0.18,0.18,,,
355824,,7.00,12.02,,,10.00,,10.00,7.00,12.00,5.71,5.71,10.00,10.00,10.00
355960,,0.45,0.33,,,,1.50,,0.45,0.50,0.79,0.79,,,
356784,,0.45,0.50,,,,1.50,,0.45,0.50,0.50,0.50,,,
356909,0.20,0.10,0.20,,,,,,0.10,0.20,0.18,0.18,,,
356912,,0.10,0.19,,,,,1.00,0.10,0.20,0.24,0.24,1.00,1.00,1.00
356948,1.00,0.65,1.06,,,,,4.00,0.65,1.00,0.71,0.71,4.00,4.00,4.00
356972,,10.00,2.91,,,,,,10.00,3.00,3.40,3.40,,,
356993,,0.10,0.20,,,,,,0.10,0.20,0.20,0.20,,,
357038,0.10,0.10,0.10,,,,2.00,,0.10,0.10,0.15,0.15,,,
357049,,0.20,0.25,,,,,2.50,0.20,0.25,0.25,0.25,2.50,2.50,2.50
357050,,12.00,6.29,,,,,,12.00,6.00,6.11,6.11,,,
357146,,0.49,0.45,,,,,,0.49,0.45,0.49,0.49,,,
357162,,0.45,0.32,,,,,,0.45,0.49,0.83,0.83,,,
357213,,10.00,3.47,,,,,,10.00,3.50,4.33,4.33,,,
358559,,0.13,0.28,,,,,,0.13,0.10,0.25,0.25,,,
358560,0.20,0.10,0.22,,,,0.99,1.00,0.10,0.20,0.21,0.21,1.00,1.00,1.00
358561,,0.45,0.47,,,,0.99,,0.45,0.47,0.49,0.49,,,
358562,,0.45,0.47,,,,0.99,,0.45,0.47,0.47,0.47,,,
358593,,1.00,0.98,,,,,,1.00,0.98,0.82,0.82,,,
358636,,0.10,0.19,,,,,0.49,0.10,0.20,0.17,0.17,0.49,0.49,0.49
358666,5.00,10.00,5.82,,,,,,10.00,5.00,5.45,5.42,,,
359078,,0.13,0.10,,,,0.49,,0.13,0.10,0.15,0.15,,,
359087,0.18,0.23,0.20,,,,,,0.23,0.15,0.21,0.21,,,
359140,1.25,1.50,1.37,,,,,5.00,1.50,1.25,1.16,1.21,5.00,5.00,5.00
359194,,10.00,4.73,,,,,40.00,10.00,5.00,7.58,7.58,40.00,31.25,31.25
359230,0.15,0.13,0.17,,,,,1.00,0.13,0.10,0.20,0.20,1.00,1.00,1.00
359242,0.20,0.10,0.20,,,,,0.50,0.10,0.20,0.23,0.23,0.50,0.50,0.50
359329,,0.45,0.50,,,,,,0.45,0.50,0.47,0.47,,,
359441,,0.10,0.10,,,,,,0.10,0.10,0.15,0.15,,,
359579,0.75,0.75,0.75,,,,5.00,,0.75,0.75,0.96,0.96,,,
359580,,4.99,3.00,,,,,14.99,4.99,3.00,4.71,4.71,14.99,14.99,14.99
359692,0.20,0.13,0.23,,,,0.75,1.00,0.13,0.20,0.18,0.18,1.00,1.00,1.00
359749,,0.20,0.25,,,,,,0.20,0.25,0.25,0.25,,,
359865,0.10,0.13,0.10,,,,,,0.13,0.10,0.15,0.15,,,
359866,,7.99,2.85,,,,,,7.99,3.00,4.20,4.20,,,
360092,0.45,0.49,0.70,,,,,2.99,0.49,0.45,0.99,0.99,2.99,2.99,2.99
360411,,0.99,1.04,,,,,1.99,0.99,0.95,0.81,0.81,1.99,2.00,2.00
360535,,0.10,0.19,,,,1.00,1.00,0.10,0.20,0.22,0.22,1.00,1.00,1.00
360547,,0.13,0.17,,,,,,0.13,0.20,0.17,0.17,,,
360763,,0.45,0.47,,,,,,0.45,0.47,0.47,0.47,,,
360764,,3.50,3.04,,,,,15.00,3.50,3.20,4.03,4.03,15.00,15.00,15.00
360788,0.10,0.13,0.10,,,,,,0.13,0.10,0.15,0.15,,,
360904,,0.50,0.68,,,,1.99,,0.50,0.45,0.59,0.59,,,
360931,,0.45,0.50,,,,3.00,,0.45,0.50,0.50,0.50,,,
361067,0.15,0.13,0.15,,,,,,0.13,0.10,0.17,0.17,,,
361068,,4.00,3.28,,,,,15.00,4.00,4.00,7.00,7.00,15.00,15.00,15.00
361069,,0.45,0.48,,,,0.99,,0.45,0.48,0.48,0.48,,,
361070,,0.95,0.50,,,,,,0.95,0.50,0.50,0.50,,,
361071,0.50,0.45,0.50,,,,,,0.45,0.50,0.50,0.50,,,
361072,,0.10,0.20,,,,1.99,,0.10,0.20,0.20,0.20,,,
361073,,0.45,0.50,,,0.75,,0.75,0.45,0.50,0.50,0.50,0.75,0.75,0.75
361074,,0.10,0.20,,,,,,0.10,0.20,0.20,0.20,,,
361075,0.10,0.13,0.29,,,,,1.00,0.13,0.10,0.27,0.27,1.00,1.00,1.00
361076,,0.45,0.02,,,,1.50,,0.45,0.50,0.50,0.50,,,
361077,,0.95,0.50,,,,1.99,,0.95,0.50,1.00,1.00,,,
361078,,0.45,0.50,,,,,,0.45,0.50,0.50,0.50,,,
361079,,0.45,0.47,,,,1.99,1.00,0.45,0.47,0.40,0.40,1.00,1.00,1.00
361080,0.45,0.49,0.58,,,,,2.00,0.49,0.45,0.90,0.90,2.00,2.00,2.00
361081,,0.45,1.00,,,,4.00,,0.45,1.00,0.67,0.67,,,
361082,0.18,0.20,0.17,,,,,,0.20,0.15,0.20,0.20,,,
361083,,0.10,0.20,,,,0.49,,0.10,0.20,0.20,0.20,,,
361084,,0.10,0.20,,,,,0.49,0.10,0.20,0.16,0.16,0.49,0.49,0.49
361085,,,6.00,,,,,,,6.00,6.00,6.00,,,
361086,,,,,,,,,,,,,,,
361087,,,,,,,,,,,,,,,
361088,,,,,,,,70.00,,,,,70.00,70.00,70.00
361089,,,,,,,,,,,,,,,
361090,0.10,0.10,0.20,,,0.95,0.99,0.95,0.10,0.10,0.20,0.20,0.95,0.98,0.98
361114,,0.10,0.17,,,,0.75,,0.10,0.20,0.25,0.25,,,
361115,,0.95,1.08,,,,,4.00,0.95,1.00,0.75,0.75,4.00,4.00,4.00
361116,,0.45,0.50,,,,,,0.45,0.50,0.50,0.50,,,
361117,,0.10,0.20,,,,,,0.10,0.20,0.20,0.20,,,
361118,,0.10,0.20,,,,,,0.10,0.20,0.20,0.20,,,
361119,,0.14,0.12,,,,0.49,,0.14,0.16,0.22,0.22,,,
363461,,4.00,,,,,,,4.00,,,,,,
363573,,0.49,0.49,,,,,,0.49,0.49,0.49,0.49,,,
363625,,1.00,1.00,,,,,,1.00,1.00,1.00,1.00,,,
363638,0.49,0.49,0.49,,,,,,0.49,0.49,0.49,0.49,,,
363694,,,,,,,,,,,,,,,
363842,,0.50,0.50,,,,,,0.50,0.50,0.50,0.50,,,
363865,0.50,0.50,0.50,,,,,,0.50,0.50,0.50,0.50,,,
363982,,1.46,1.47,,,,,,1.46,1.47,1.46,1.46,,,
364062,,3.00,3.00,,,,,,3.00,3.00,3.00,3.00,,,
364137,,,,,,,,,,,,,,,
364167,,0.49,0.50,,,,,,0.49,0.50,0.50,0.50,,,
364210,,1.19,1.20,,,,,,1.19,1.19,1.12,1.12,,,
364318,,2.50,2.41,,,,,,2.50,2.50,1.29,1.29,,,
364319,,3.00,,,,,,,3.00,,,,,,
364332,,,,,,,,,,,,,,,
364418,,0.50,0.50,,,,,,0.50,0.50,0.50,0.50,,,
364474,,0.50,0.50,,,,,,0.50,0.50,0.50,0.50,,,
364541,1.00,1.00,1.09,,,,,,1.00,1.00,1.33,1.33,,,
364904,,,3.00,,,,,,,3.00,3.00,3.00,,,
364905,,10.00,,,,,,,10.00,,,,,,
364906,,0.50,0.50,,,,,,0.50,0.50,0.50,0.50,,,
364907,,1.00,1.00,,,,,,1.00,1.00,1.00,1.00,,,
364908,,1.00,1.00,,,,,,1.00,1.00,1.00,1.00,,,
364909,,3.00,3.00,,,,,,3.00,3.00,3.00,3.00,,,
364910,,,,,,,,,,,,,,,
364911,0.50,0.50,0.50,,,,,,0.50,0.50,0.50,0.50,,,
365031,1.00,1.00,1.00,,,,,,1.00,1.00,1.00,1.00,,,
365062,,1.00,1.00,,,,,,1.00,1.00,1.00,1.00,,,
365217,,3.00,,,,,,,3.00,,,,,,
365335,,10.00,,,,,,,10.00,,,,,,
365423,,,,,,,,,,,,,,,
365424,,0.50,0.50,,,,,,0.50,0.50,0.50,0.50,,,
365484,,0.99,1.00,,,,,,0.99,1.00,1.00,1.00,,,
365506,,4.00,,,,,,,4.00,,,,,,
365528,,10.00,,,,,,,10.00,,,,,,
365545,,,,,,,,,,,,,,,
365546,0.50,0.50,0.50,,,,,,0.50,0.50,0.50,0.50,,,
365944,,,2.75,,,,,,,2.50,1.86,1.86,,,
365945,,3.00,,,,,,,3.00,,,,,,
365946,,10.00,,,,,,,10.00,,,,,,
366264,,3.00,,,,,,,3.00,,,,,,
366265,,4.00,,,,,,,4.00,,,,,,
366266,,1.00,1.00,,,,,,1.00,1.00,1.00,1.00,,,
366267,,0.50,0.50,,,,,,0.50,0.50,0.50,0.50,,,
366268,,0.50,0.50,,,,,,0.50,0.50,0.50,0.50,,,
366269,,0.50,0.50,,,,,,0.50,0.50,0.50,0.50,,,
366270,,1.00,1.00,,,,,,1.00,1.00,1.00,1.00,,,
366271,,5.00,,,,,,,5.00,,,,,,
366272,,3.00,,,,,,,3.00,,,,,,
366273,,4.00,,,,,,,4.00,,,,,,
366274,,1.50,,,,,,,1.50,,,,,,
366275,,1.00,1.00,,,,,,1.00,1.00,1.00,1.00,,,
366276,,0.74,0.78,,,,,,0.74,0.74,0.62,0.62,,,
366277,0.50,0.50,0.50,,,,,,0.50,0.50,0.50,0.50,,,
366278,,1.00,1.00,,,,,,1.00,1.00,1.00,1.00,,,
366279,,0.50,,,,,,,0.50,0.50,0.50,0.50,,,
366280,,3.00,,,,,,,3.00,,,,,,
366281,,1.00,1.00,,,,,,1.00,1.00,1.00,1.00,,,
366282,,0.50,0.50,,,,,,0.50,0.50,0.50,0.50,,,
366283,,0.50,0.50,,,,,,0.50,0.50,0.50,0.50,,,
366284,,0.50,0.50,,,,,,0.50,0.50,0.50,0.50,,,
366285,,3.00,,,,,,,3.00,,,,,,
366286,,1.00,1.00,,,,,,1.00,1.00,1.00,1.00,,,
366287,,1.00,1.00,,,,,,1.00,1.00,1.00,1.00,,,
366288,,4.00,,,,,,,4.00,,,,,,
366289,,3.00,,,,,,,3.00,,,,,,
366290,,1.00,1.00,,,,,,1.00,1.00,1.00,1.00,,,
366291,,0.50,0.50,,,,,,0.50,0.50,0.50,0.50,,,
366292,,0.50,0.50,,,,,,0.50,0.50,0.50,0.50,,,
366293,,0.50,0.50,,,,,,0.50,0.50,0.50,0.50,,,
366294,,1.25,,,,,,,1.25,,,,,,
366295,,3.00,,,,,,,3.00,,,,,,
366296,,3.00,,,,,,,3.00,,,,,,
366297,,0.50,0.50,,,,,,0.50,0.50,0.50,0.50,,,
366298,,0.50,0.50,,,,,,0.50,0.50,0.50,0.50,,,
366299,0.50,0.50,0.50,,,,,,0.50,0.50,0.50,0.50,,,
366300,,5.00,,,,,,,5.00,,,,,,
366301,,1.00,1.00,,,,,,1.00,1.00,1.00,1.00,,,
366302,,0.50,0.50,,,,,,0.50,0.50,0.50,0.50,,,
366303,,1.99,2.00,,,,,,1.99,2.00,2.00,2.00,,,
