"idProduct","Avg. Sell Price","Low Price","Trend Price","German Pro Low","Suggested Price","Foil Sell","Foil Low","Foil Trend","Low Price Ex+","AVG1","AVG7","AVG30","Foil AVG1","Foil AVG7","Foil AVG30",
317006,,,0.99,,,,,,,0.99,0.99,0.99,,,
317008,,,0.90,,,,,0.99,,0.90,0.90,0.90,0.99,0.99,0.99
317009,,1.40,,,,,1.40,0.99,1.40,,,,1.40,1.20,1.20
317010,,,0.99,,,,,,,0.99,0.99,0.99,,,
317011,,,0.20,,,,,,,0.20,0.20,0.20,0.99,0.99,0.99
317012,,0.99,,,,,0.99,0.99,0.99,,,,0.99,0.96,0.96
317013,,0.02,0.05,,,,,,0.02,0.05,0.05,0.05,,,
317014,,0.02,0.05,,,,,,0.02,0.05,0.05,0.05,,,
317015,,0.02,0.05,,,,,,0.02,0.05,0.05,0.05,,,
317016,,0.71,,,,,,,0.71,,,,,,
317017,,,1.50,,,,,,,0.99,3.66,3.66,,,
317018,,0.02,,,,,,,0.02,,,,,,
317019,,,,,,,,,,,,,,,
317020,,0.02,0.05,,,,,,0.02,0.05,0.05,0.05,,,
317021,,0.02,0.05,,,,,,0.02,0.05,0.05,0.05,,,
317022,,0.02,0.05,,,,,,0.02,0.05,0.05,0.05,,,
317023,,0.26,0.08,,,,,,0.26,0.10,0.47,0.47,,,
317024,,0.23,0.10,,,,,,0.23,0.10,0.30,0.30,,,
317025,,0.26,0.50,,,,,,0.26,0.50,0.75,0.75,,,
317026,,0.02,,,,,,,0.02,,,,,,
317027,,,,,,,,,,,,,,,
317028,,6.00,,,,,6.00,0.02,6.00,,,,19.99,19.99,19.99
317029,,,1.58,,,,,,,1.50,1.90,1.90,,,
317030,,0.14,,,,,,,0.14,,,,,,
317031,,0.02,0.05,,,,,,0.02,0.05,0.05,0.05,,,
317032,,0.02,0.02,,,,1.00,,0.02,0.02,0.02,0.02,,,
317033,,0.14,0.26,,,,,,0.14,0.26,0.32,0.32,,,
317034,,0.04,,,,,,,0.04,,,,,,
317035,,,0.05,,,,,,,0.05,0.23,0.23,,,
317036,,0.15,,,,,,,0.15,,,,,,
317037,,0.02,,,,,,,0.02,,,,,,
317038,,0.02,,,,,,,0.02,,,,,,
317039,,0.02,0.02,,,,,,0.02,0.02,0.02,0.02,,,
317040,,0.30,0.39,,,,,,0.30,0.30,0.60,0.60,,,
317041,,0.10,0.10,,,,,,0.10,0.10,0.10,0.10,,,
317042,,0.02,,,,,,,0.02,,,,,,
317043,,0.19,,,,,,,0.19,,,,,,
317044,,0.10,0.08,,,,,,0.10,0.10,0.47,0.47,,,
317045,,3.90,,,,,3.90,,3.90,,,,,,
317046,,,,,,,,0.02,,,,,1.90,1.90,1.90
317047,,,,,,,,,,,,,,,
317048,,2.00,1.38,,,,,0.50,2.00,1.50,1.83,1.83,0.50,0.50,0.50
317049,,0.02,,,,,,,0.02,,,,,,
317050,,0.02,0.02,,,,,,0.02,0.05,0.05,0.05,,,
317051,,0.04,0.05,,,,,,0.04,0.05,0.13,0.13,,,
317052,,0.10,0.17,,,,,,0.10,0.10,0.53,0.53,,,
317053,,0.02,0.05,,,,,,0.02,0.05,0.05,0.05,,,
317054,,0.14,0.02,,,,,,0.14,1.00,1.00,1.00,,,
317055,,0.02,,,,,,,0.02,,,,,,
317056,,0.14,0.02,,,,,,0.14,1.00,1.00,1.00,,,
317057,,0.02,,,,,,,0.02,,,,,,
317058,,0.65,0.02,,,,,,0.65,1.00,1.00,1.00,,,
317059,,0.02,0.02,,,,,,0.02,0.05,0.05,0.05,,,
317060,,0.15,0.40,,,,,,0.15,0.40,0.40,0.40,,,
317061,,0.04,,,,,,,0.04,,,,,,
317062,,0.29,0.39,,,,,,0.29,0.39,0.70,0.70,,,
317063,,0.02,,,,,,,0.02,,,,,,
317064,,3.99,,,,,3.99,0.02,3.99,,,,4.00,4.00,4.00
317065,,3.50,,,,,,4.00,3.99,,,,4.00,4.00,4.00
317066,,,1.50,,,,,1.99,,1.50,1.50,1.50,1.99,1.99,1.99
317067,,0.14,0.02,,,,,,0.14,0.02,0.26,0.26,,,
317068,,0.02,0.02,,,,,,0.02,0.02,0.02,0.02,,,
317069,,0.34,0.40,,,,,,0.34,0.50,0.43,0.43,,,
317070,,0.02,0.02,,,,,,0.02,0.02,0.04,0.04,,,
317071,,0.02,,,,,,,0.02,,,,,,
317072,,0.22,0.10,,,,,,0.22,0.10,0.10,0.10,,,
317073,,0.02,0.10,,,,,,0.02,0.10,0.55,0.55,,,
317074,,0.02,,,,,,,0.02,,,,,,
317075,,0.02,0.10,,,,,,0.02,0.10,0.55,0.55,,,
317076,,0.02,0.02,,,,,,0.02,0.05,0.05,0.05,,,
317077,,0.30,0.02,,,,,,0.30,0.10,0.37,0.37,,,
317078,,0.22,0.29,,,,,,0.22,0.29,0.29,0.29,,,
317079,,0.50,0.15,,,,,,0.50,0.05,0.35,0.35,,,
317080,,0.02,0.02,,,,,,0.02,0.05,0.05,0.05,,,
317081,,10.00,12.95,,,,,,10.00,12.95,13.98,13.98,,,
317082,,0.99,0.02,,,,0.99,,0.99,2.00,2.00,2.00,,,
317083,,0.14,0.02,,,,,,0.14,0.50,0.50,0.50,,,
317084,,0.09,0.02,,,,,,0.09,1.00,1.00,1.00,,,
317085,,0.02,0.02,,,,,,0.02,1.00,1.00,1.00,,,
317086,,0.40,0.02,,,,,,0.40,0.02,0.02,0.02,,,
317087,,0.19,0.02,,,,,,0.19,0.02,0.54,0.54,,,
317088,,0.50,0.06,,,,,,0.50,0.05,0.32,0.32,,,
317089,,0.02,,,,,,,0.02,,,,,,
317090,,0.14,0.10,,,,,,0.14,0.10,0.55,0.55,,,
317091,,0.02,,,,,,,0.02,,,,,,
317092,,0.02,0.02,,,,,,0.02,0.99,0.99,0.99,,,
317093,,0.02,,,,,,,0.02,,,,,,
317094,,0.02,,,,,,,0.02,,,,,,
317095,,0.05,,,,,,,0.05,,,,,,
317096,,0.02,0.02,,,,,,0.02,0.02,0.02,0.02,,,
317097,,0.02,,,,,,,0.02,,,,,,
317098,,3.50,0.02,,,,4.00,,4.00,4.00,4.00,4.00,,,
317099,,15.00,,,,,15.00,,15.00,10.00,10.00,10.00,,,
317100,,2.19,1.50,,,,2.19,0.02,2.19,1.50,2.00,2.00,2.15,2.15,2.15
317101,,0.02,0.02,,,,,,0.02,0.05,0.05,0.05,,,
317102,,0.02,0.05,,,,,,0.02,0.05,0.05,0.05,,,
317103,,0.02,0.02,,,,,,0.02,2.00,2.00,2.00,,,
317104,,0.02,0.10,,,,,,0.02,0.10,0.55,0.55,,,
317105,,0.05,0.04,,,,1.00,,0.05,0.05,0.12,0.12,,,
317106,,0.02,0.03,,,,,,0.02,0.05,0.13,0.13,,,
317107,,0.02,0.05,,,,,,0.02,0.05,0.05,0.05,,,
317108,,0.09,1.19,,,,,,0.09,1.19,1.15,1.15,,,
317109,,0.14,0.08,,,,,,0.14,0.10,0.47,0.47,,,
317110,,0.14,0.30,,,,,,0.14,0.30,0.65,0.65,,,
317111,,0.10,0.02,,,,,,0.10,0.02,0.51,0.51,,,
317112,,0.14,0.30,,,,,,0.14,0.30,0.30,0.30,,,
317113,,0.02,0.02,,,,,,0.02,0.05,0.05,0.05,,,
317114,,0.02,0.40,,,,,,0.02,0.40,0.70,0.70,,,
317115,,0.02,0.02,,,,,,0.02,0.05,0.05,0.05,,,
317116,,30.00,,,,,30.00,0.99,30.00,,,,0.99,0.99,0.99
317117,,4.99,,,,,4.99,,4.99,,,,,,
317118,,3.00,,,,,3.00,,3.00,,,,,,
317119,,0.02,,,,,,,0.02,,,,,,
317120,,0.22,0.02,,,,,,0.22,0.10,0.34,0.34,,,
317121,,0.02,,,,,,,0.02,,,,,,
317122,,0.10,0.20,,,,,,0.10,0.20,0.11,0.11,,,
317123,,0.02,0.05,,,,,,0.02,0.05,0.05,0.05,,,
317124,,0.04,0.05,,,,,,0.04,0.05,0.20,0.20,,,
317125,,0.25,0.05,,,,,,0.25,0.05,0.15,0.15,,,
317126,,0.49,0.49,,,,,,0.49,0.49,0.49,0.49,,,
317127,,0.02,0.05,,,,,,0.02,0.05,0.05,0.05,,,
317128,,0.09,1.10,,,,,,0.09,1.10,1.10,1.10,,,
317129,,0.56,0.02,,,,,,0.56,0.02,0.02,0.02,,,
317130,,0.22,0.02,,,,,,0.22,0.02,0.02,0.02,,,
317131,,0.02,0.02,,,,,,0.02,1.00,1.00,1.00,,,
317132,,0.22,,,,,,,0.22,,,,,,
317133,,0.14,0.02,,,,,,0.14,1.00,1.00,1.00,,,
317134,,0.14,0.02,,,,,,0.14,0.02,0.16,0.16,,,
317135,,0.02,,,,,,,0.02,,,,,,
317136,,0.10,0.02,,,,,,0.10,0.10,0.10,0.10,,,
317137,,0.02,0.02,,,,,,0.02,0.20,0.20,0.20,,,
317138,,0.09,0.39,,,,,,0.09,0.39,0.70,0.70,,,
317139,,0.02,0.40,,,,,,0.02,0.40,0.70,0.70,,,
317140,,0.10,0.02,,,,,,0.10,0.20,0.20,0.20,,,
317141,,0.02,,,,,,,0.02,,,,,,
317142,,0.02,0.20,,,,,,0.02,0.20,0.11,0.11,,,
317143,,0.05,0.02,,,,,,0.05,0.02,0.11,0.11,,,
317144,,0.71,0.02,,,,,,0.71,0.40,0.40,0.40,,,
317145,,0.02,,,,,,,0.02,,,,,,
317146,,0.02,,,,,,,0.02,,,,,,
317147,,0.02,0.02,,,,,,0.02,0.10,0.10,0.10,,,
317148,,0.05,0.02,,,,,,0.05,0.20,0.20,0.20,,,
317149,,0.02,,,,,,,0.02,,,,,,
317150,,0.10,0.02,,,,,,0.10,0.02,0.02,0.02,,,
317151,,0.02,,,,,,,0.02,,,,,,
317152,,0.02,0.02,,,,,,0.02,0.20,0.20,0.20,,,
317153,,0.02,,,,,,,0.02,,,,,,
317154,,0.02,0.02,,,,,,0.02,0.05,0.05,0.05,,,
317155,,0.02,,,,,,,0.02,,,,,,
317156,,0.02,,,,,,,0.02,,,,,,
317157,,0.26,0.30,,,,,,0.26,0.30,0.35,0.35,,,
317158,,4.00,,,,,,3.90,4.00,,,,3.90,3.95,3.95
317159,,0.02,,,,,,,0.02,,,,,,
317160,,0.30,0.57,,,,,,0.30,0.95,0.72,0.72,,,
317161,,0.02,0.10,,,,,,0.02,0.10,0.23,0.23,,,
317162,,0.30,0.39,,,,,,0.30,0.39,0.45,0.45,,,
317163,,0.02,0.13,,,,,,0.02,0.10,0.22,0.22,,,
317164,,0.02,0.05,,,,,,0.02,0.05,0.05,0.05,,,
317165,,0.02,,,,,,,0.02,,,,,,
317166,,0.02,,,,,,,0.02,,,,,,
317167,,0.49,0.02,,,,,,0.49,1.00,1.00,1.00,,,
317168,,0.02,,,,,,,0.02,,,,,,
317169,,0.02,,,,,,,0.02,,,,,,
317170,,0.14,1.00,,,,,,0.14,1.00,1.00,1.00,,,
317171,,0.02,,,,,,,0.02,,,,,,
317172,,0.02,0.20,,,,,,0.02,0.20,0.20,0.20,,,
317173,,0.02,,,,,,,0.02,,,,,,
317174,,0.02,,,,,,,0.02,,,,,,
317175,,0.29,0.24,,,,,,0.29,0.10,0.60,0.60,,,
317176,,0.02,,,,,,,0.02,,,,,,
317177,,0.39,0.45,,,,,,0.39,0.50,0.47,0.47,,,
317178,,0.02,,,,,,,0.02,,,,,,
317179,,0.02,0.02,,,,,,0.02,0.20,0.20,0.20,,,
317180,,0.02,,,,,,,0.02,,,,,,
317181,,0.30,0.02,,,,,,0.30,1.00,1.00,1.00,,,
317182,,0.02,,,,,,,0.02,,,,,,
317183,,0.02,,,,,,,0.02,,,,,,
317184,,0.02,,,,,,,0.02,,,,,,
317185,,0.02,0.02,,,,,,0.02,0.05,0.05,0.05,,,
317186,,24.99,,,,,24.99,,24.99,,,,,,
317187,,0.02,,,,,,,0.02,,,,,,
317188,,0.02,,,,,,,0.02,,,,,,
317189,,0.02,0.02,,,,,,0.02,0.15,0.15,0.15,,,
317190,,0.02,,,,,,,0.02,,,,,,
317191,,0.02,0.05,,,,,,0.02,0.05,0.05,0.05,,,
317192,,0.02,,,,,,,0.02,,,,,,
317193,,0.02,,,,,,,0.02,,,,,,
317194,,0.02,,,,,,,0.02,,,,,,
317195,,0.02,,,,,,,0.02,,,,,,
317196,,0.02,,,,,,,0.02,,,,,,
317197,,0.02,,,,,,,0.02,,,,,,
317198,,0.02,,,,,,,0.02,,,,,,
317199,,0.02,,,,,,,0.02,,,,,,
317200,,0.02,0.02,,,,,,0.02,0.05,0.05,0.05,,,
317201,,0.02,0.02,,,,,,0.02,0.15,0.15,0.15,,,
317202,,0.02,0.02,,,,,,0.02,0.05,0.05,0.05,,,
317203,,0.02,0.05,,,,,,0.02,0.05,0.10,0.10,,,
317204,,0.02,,,,,,,0.02,,,,,,
317205,,0.02,0.15,,,,,,0.02,0.15,0.15,0.15,,,
317206,,0.02,0.02,,,,,,0.02,0.20,0.20,0.20,,,
317207,,0.02,0.05,,,,,,0.02,0.05,0.05,0.05,,,
317208,,0.02,0.05,,,,,,0.02,0.05,0.05,0.05,,,
317209,,0.02,,,,,,,0.02,,,,,,
317210,,0.02,0.05,,,,,,0.02,0.05,0.05,0.05,,,
317211,,0.02,,,,,,,0.02,,,,,,
317212,,0.02,,,,,,,0.02,,,,,,
317213,,0.02,,,,,,,0.02,,,,,,
317214,,0.02,,,,,,,0.02,,,,,,
317215,,0.02,,,,,,,0.02,,,,,,
317216,,0.02,,,,,,,0.02,,,,,,
317217,,0.02,0.02,,,,,,0.02,0.05,0.05,0.05,,,
317218,,0.02,0.02,,,,,,0.02,0.15,0.15,0.15,,,
317219,,0.02,0.02,,,,,,0.02,0.05,0.05,0.05,,,
317220,,0.02,0.02,,,,,,0.02,0.20,0.20,0.20,,,
317221,,0.02,0.02,,,,,,0.02,0.05,0.05,0.05,,,
317222,,0.02,0.02,,,,,,0.02,0.15,0.15,0.15,,,
317223,,0.40,,,,,,1.25,0.40,,,,1.25,1.25,1.25
317224,,1.50,0.02,,,,,,1.50,0.20,0.20,0.20,,,
317225,,2.50,0.40,,,,,,2.50,0.40,0.70,0.70,,,
317226,,,,,,,,,,,,,,,
317227,,,,,,,,,,,,,,,
317228,,,0.50,,,,,,,0.50,0.75,0.75,,,
317229,,,0.02,,,,,,,14.99,14.99,14.99,,,
317230,,1.00,0.50,,,,,,1.00,0.50,0.50,0.50,0.99,0.99,0.99
317231,,,,,,,,,,,,,,,
317232,,1.00,,,,,1.00,0.49,1.00,,,,0.49,0.30,0.30
317233,,1.50,0.99,,,,,,1.50,0.99,0.75,0.75,,,
317234,,14.99,,,,,,,14.99,,,,,,
317235,,,0.02,,,,,,,3.95,3.95,3.95,,,
317236,,1.00,2.30,,,,,,1.00,2.30,2.30,2.30,,,
317237,,0.10,,,,,,,0.10,,,,,,
317238,,0.03,,,,,,,0.03,,,,,,
317239,,0.37,0.02,,,,,,0.37,0.10,0.10,0.10,,,
317240,,1.00,,,,,,,1.00,,,,,,
317241,,0.03,,,,,,,0.03,,,,,,
317242,,0.03,,,,,,,0.03,,,,,,
317243,,0.39,,,,,,,0.39,,,,,,
317244,,0.03,,,,,,,0.03,,,,,,
317245,,0.05,0.03,,,,,,0.05,0.03,0.03,0.03,,,
317246,,0.09,0.49,,,,,,0.09,0.49,0.49,0.49,,,
317247,,0.03,,,,,,,0.03,,,,,,
317248,,0.15,,,,,,,0.15,,,,,,
317249,,0.03,,,,,,,0.03,,,,,,
317250,,0.03,,,,,,,0.03,,,,,,
317251,,5.00,,,,,,,5.00,,,,,,
317252,,,,,,,,5.80,,,,,5.80,3.93,3.93
317253,,0.49,1.38,,,,0.49,0.50,0.49,1.50,1.83,1.83,0.50,0.50,0.50
317254,,0.05,,,,,,,0.05,,,,,,
317255,,1.00,2.20,,,,,,1.00,2.20,1.60,1.60,,,
317256,,0.10,0.10,,,,,,0.10,0.10,0.30,0.30,,,
317257,,0.05,,,,,,,0.05,,,,,,
317258,,0.14,,,,,,,0.14,,,,,,
317259,,0.02,,,,,,,0.02,,,,,,
317260,,0.02,,,,,,,0.02,,,,,,
317261,,0.02,,,,,,,0.02,,,,,,
317262,,0.02,,,,,,,0.02,,,,,,
317263,,0.39,0.02,,,,,,0.39,1.00,1.00,1.00,,,
317264,,0.14,0.39,,,,,,0.14,0.39,0.59,0.59,,,
317265,,0.05,0.02,,,,,,0.05,0.05,0.05,0.05,,,
317266,,0.05,,,,,,,0.05,,,,,,
317267,,0.38,0.02,,,,,,0.38,0.99,0.99,0.99,,,
317268,,0.02,,,,,,,0.02,,,,,,
317269,,2.96,,,,,4.00,,2.96,,,,,,
317270,,3.00,,,,,3.00,,3.00,,,,,,
317271,,0.03,,,,,,,0.03,,,,,,
317272,,0.14,,,,,,,0.14,,,,,,
317273,,0.02,0.02,,,,,,0.02,0.05,0.05,0.05,,,
317274,,0.10,,,,,,,0.10,,,,,,
317275,,0.02,,,,,,,0.02,,,,,,
317276,,0.02,0.02,,,,,,0.02,0.05,0.05,0.05,,,
317277,,0.02,0.02,,,,,,0.02,0.05,0.05,0.05,,,
317278,,0.49,0.48,,,,,,0.49,0.49,0.47,0.47,,,
317279,,1.00,0.30,,,,,,1.00,0.30,0.53,0.53,,,
317280,,0.14,0.02,,,,,,0.14,0.15,0.15,0.15,,,
317281,,0.02,,,,,,,0.02,,,,,,
317282,,,,,,,,,,,,,,,
317283,,1.20,0.02,,,,,,1.20,1.00,1.00,1.00,,,
317284,,0.02,0.02,,,,,,0.02,0.05,0.05,0.05,,,
317285,,,0.02,,,,,,,9.00,9.00,9.00,,,
317286,,10.00,,,,,10.00,,10.00,,,,,,
317287,,,1.50,,,,,0.50,,1.50,1.75,1.75,0.50,0.50,0.50
317288,,0.05,,,,,,,0.05,,,,,,
317289,,0.14,,,,,,,0.14,,,,,,
317290,,0.03,,,,,,,0.03,,,,,,
317291,,0.02,,,,,,,0.02,,,,,,
317292,,0.29,,,,,,,0.29,,,,,,
317293,,0.03,,,,,,,0.03,,,,,,
317294,,0.20,,,,,,,0.20,,,,,,
317295,,0.03,,,,,,,0.03,,,,,,
317296,,0.03,0.02,,,,,,0.03,0.50,0.50,0.50,,,
317297,,0.39,,,,,,,0.39,,,,,,
317298,,0.03,,,,,,,0.03,,,,,,
317299,,0.25,,,,,,,0.25,,,,,,
317300,,0.49,,,,,,,0.49,,,,,,
317301,,0.03,,,,,,,0.03,,,,,,
317302,,0.03,,,,,,,0.03,,,,,,
317303,,5.50,,,,,5.50,,5.50,,,,,,
317304,,4.99,,,,,4.99,,4.99,,,,,,
317305,,,,,,,,,,,,,,,
317306,,0.02,,,,,,,0.02,,,,,,
317307,,0.02,,,,,,,0.02,,,,,,
317308,,0.02,0.02,,,,,,0.02,0.05,0.05,0.05,,,
317309,,0.02,,,,,,,0.02,,,,,,
317310,,0.05,,,,,,,0.05,,,,,,
317311,,0.50,0.02,,,,,,0.50,0.50,0.50,0.50,,,
317312,,0.02,,,,,,,0.02,,,,,,
317313,,0.50,0.02,,,,,,0.50,0.20,0.20,0.20,,,
317314,,0.02,0.02,,,,,,0.02,0.10,0.10,0.10,,,
317315,,0.05,,,,,,,0.05,,,,,,
317316,,0.49,,,,,,,0.49,0.60,0.60,0.60,,,
317317,,0.02,,,,,,,0.02,,,,,,
317318,,0.02,0.02,,,,,,0.02,0.10,0.10,0.10,,,
317319,,0.02,,,,,,,0.02,,,,,,
317320,,0.09,,,,,,,0.09,,,,,,
317321,,4.00,0.02,,,,4.00,,4.00,2.00,2.00,2.00,,,
317322,,3.00,,,,,3.00,1.40,5.00,,,,1.40,1.45,1.45
317323,,0.49,1.38,,,,0.49,0.49,0.49,1.50,1.83,1.83,0.49,0.50,0.50
317324,,0.14,0.27,,,,,,0.14,0.30,0.58,0.58,,,
317325,,0.39,,,,,,,0.39,,,,,,
317326,,0.07,,,,,,,0.07,,,,,,
317327,,0.02,0.02,,,,,,0.02,0.15,0.15,0.15,,,
317328,,0.03,,,,,,,0.03,,,,,,
317329,,0.02,0.02,,,,,,0.02,0.10,0.10,0.10,,,
317330,,0.17,0.18,,,,,,0.17,0.23,0.58,0.58,,,
317331,,0.14,0.02,,,,,,0.14,0.50,0.50,0.50,,,
317332,,0.02,0.02,,,,,,0.02,0.05,0.05,0.05,,,
317333,,0.03,,,,,,,0.03,,,,,,
317334,,0.02,0.02,,,,,,0.02,0.05,0.05,0.05,,,
317335,,0.03,,,,,,,0.03,,,,,,
317336,,0.50,0.50,,,,,,0.50,0.50,0.75,0.75,,,
317337,,0.02,0.02,,,,,,0.02,0.15,0.15,0.15,,,
317338,,0.02,,,,,,,0.02,,,,,,
317339,,0.03,,,,,,,0.03,,,,,,
317340,,4.00,,,,,4.00,1.00,4.00,2.50,2.50,2.50,1.00,1.00,1.00
317341,,0.10,,,,,,,0.10,,,,,,
317342,,0.30,0.50,,,,,,0.30,0.50,0.75,0.75,,,
317343,,0.49,0.41,,,,,,0.49,0.49,0.66,0.66,,,
317344,,0.19,,,,,,,0.20,,,,,,
317345,,0.14,0.02,,,,,,0.14,1.00,1.00,1.00,,,
317346,,0.05,,,,,,,0.05,,,,,,
317347,,0.49,0.50,,,,,,0.49,0.50,0.75,0.75,,,
317348,,0.25,0.25,,,,,,0.25,0.25,0.25,0.25,,,
317349,,1.00,,,,,,,1.00,,,,,,
317350,,0.02,0.15,,,,,,0.02,0.15,0.15,0.15,,,
317351,,0.03,0.05,,,,,,0.03,0.05,0.05,0.05,,,
317352,,0.37,0.02,,,,,,0.37,1.00,1.00,1.00,,,
317353,,0.05,0.15,,,,,,0.05,0.15,0.15,0.15,,,
317354,,0.15,,,,,,,0.15,,,,,,
317355,,0.15,,,,,,,0.15,,,,,,
317356,,,0.02,,,,,,,0.20,0.20,0.20,,,
317357,,0.10,0.20,,,,,,0.10,0.20,0.20,0.20,,,
317358,,0.12,0.02,,,,,,0.14,0.50,0.50,0.50,,,
317359,,0.20,,,,,,,0.20,,,,,,
317360,,0.20,,,,,,,0.20,,,,,,
317361,,0.14,0.10,,,,,,0.14,0.10,0.55,0.55,,,
317362,,0.05,,,,,,,0.05,,,,,,
317363,,0.05,,,,,,,0.05,,,,,,
317364,,0.05,,,,,,,0.05,,,,,,
317365,,1.00,0.39,,,,,,1.00,0.39,0.70,0.70,,,
317366,,0.05,,,,,,,0.05,,,,,,
317367,,0.14,,,,,,,0.14,0.50,0.50,0.50,,,
317368,,0.14,0.02,,,,,,0.14,0.50,0.50,0.50,,,
317369,,0.39,,,,,,,0.39,,,,,,
317370,,0.15,,,,,,,0.15,,,,,,
317371,,0.03,,,,,,,0.03,,,,,,
317372,,0.15,0.20,,,,,,0.19,0.25,0.58,0.58,,,
317373,,0.15,,,,,,,0.15,,,,,,
317374,,0.15,,,,,,,0.15,,,,,,
317375,,0.14,0.02,,,,,,0.14,1.00,1.00,1.00,,,
317376,,0.03,,,,,,,0.03,,,,,,
317377,,0.03,0.05,,,,,,0.03,0.05,0.05,0.05,,,
317378,,0.03,0.05,,,,,,0.03,0.05,0.05,0.05,,,
317379,,0.09,0.02,,,,,,0.09,1.00,1.00,1.00,,,
317380,,0.05,,,,,,,0.05,,,,,,
317381,,0.37,0.02,,,,,,0.37,1.00,1.00,1.00,,,
317382,,0.03,,,,,,,0.03,,,,,,
317383,,0.15,0.18,,,,,,0.15,0.20,0.35,0.35,,,
317384,,0.05,0.02,,,,,,0.05,0.05,0.05,0.05,,,
317385,,0.14,0.02,,,,,,0.14,0.50,0.45,0.45,,,
317386,,0.39,0.41,,,,,,0.39,0.50,0.63,0.63,,,
317387,,0.02,,,,,,,0.02,,,,,,
317388,,0.29,0.02,,,,,,0.29,0.39,0.39,0.39,,,
317389,,0.30,0.50,,,,,,0.30,0.50,0.75,0.75,,,
317390,,0.03,0.05,,,,,,0.03,0.05,0.05,0.05,,,
317391,,0.53,0.02,,,,,,0.53,0.50,0.50,0.50,,,
317392,,,,,,,,,,,,,,,
317393,,0.05,0.20,,,,,,0.05,0.20,0.20,0.20,,,
317394,,0.02,,,,,,,0.02,,,,,,
317395,,0.49,,,,,,,0.49,,,,,,
317396,,0.05,,,,,,,0.05,,,,,,
317397,,0.05,0.50,,,,,,0.05,0.50,0.30,0.30,,,
317398,,0.38,0.02,,,,,,0.38,0.49,0.49,0.49,,,
317399,,9.00,,,,,9.00,,9.00,,,,,,
317400,,4.00,,,,,4.00,,4.00,,,,,,
317401,,0.49,0.31,,,,,,0.49,0.30,0.43,0.43,,,
317402,,,0.44,,,,,,,0.50,0.63,0.63,,,
317403,,0.20,,,,,,,0.20,,,,,,
317404,,0.02,,,,,,,0.02,,,,,,
317405,,0.03,,,,,,,0.03,,,,,,
317406,,0.03,,,,,,,0.03,,,,,,
317407,,0.02,,,,,,,0.02,,,,,,
317408,,0.15,,,,,,,0.15,,,,,,
317409,,0.20,0.50,,,,,,0.20,0.50,0.65,0.65,,,
317410,,,10.00,,,,,,,10.00,6.50,6.50,,,
317411,,0.14,,,,,,,0.14,,,,,,
317412,,0.15,,,,,,,0.15,,,,,,
317413,,0.03,,,,,,,0.03,,,,,,
317414,,0.03,,,,,,,0.03,,,,,,
317415,,0.03,,,,,,,0.03,,,,,,
317416,,0.50,0.02,,,,,,0.50,1.00,1.00,1.00,,,
317417,,0.03,0.05,,,,,,0.03,0.05,0.05,0.05,,,
317418,,0.08,0.02,,,,,,0.08,0.20,0.20,0.20,,,
317419,,0.02,0.05,,,,,,0.02,0.05,0.15,0.15,,,
317420,,0.05,,,,,,,0.05,,,,,,
317421,,0.10,,,,,,,0.10,,,,,,
317422,,0.14,0.50,,,,,,0.14,0.50,0.45,0.45,,,
317423,,0.10,,,,,,,0.10,,,,,,
317424,,0.02,0.02,,,,,,0.02,0.05,0.05,0.05,,,
317425,,0.19,,,,,,,0.20,,,,,,
317426,,0.20,0.02,,,,,,0.20,0.20,0.20,0.20,,,
317427,,0.03,,,,,,,0.03,,,,,,
317428,,0.05,,,,,,,0.05,,,,,,
317429,,0.02,,,,,,,0.02,,,,,,
317430,,0.02,,,,,,,0.02,,,,,,
317431,,0.14,0.02,,,,,,0.14,1.00,1.00,1.00,,,
317432,,0.05,0.02,,,,,,0.05,0.15,0.15,0.15,,,
317433,,0.02,0.02,,,,,,0.02,0.05,0.05,0.05,,,
317434,,0.02,,,,,,,0.02,,,,,,
317435,,0.49,,,,,0.49,0.10,0.49,,,,0.10,0.10,0.10
317436,,0.49,,,,,0.49,,0.49,,,,,,
317437,,,,,,,,,,,,,,,
317438,,,,,,,,,,,,,,,
317439,,,,,,,,,,,,,,,
317440,,,,,,,,,,,,,,,
317441,,,,,,,,,,,,,,,
317442,,,,,,,,,,,,,,,
317443,,,,,,,,,,,,,,,
317444,,,,,,,,,,,,,,,
317445,,,,,,,,,,,,,,,
317446,,,,,,,,,,,,,,,
317447,,,,,,,,,,,,,,,
317448,,,,,,,,,,,,,,,
317449,,,,,,,,0.15,,,,,0.15,0.13,0.13
317450,,,,,,,,0.15,,,,,0.15,0.13,0.13
317451,,0.04,,,,,0.04,0.10,0.04,,,,0.10,0.10,0.10
317452,,0.04,,,,,0.04,0.40,0.04,,,,0.40,0.40,0.40
317453,,0.04,,,,,1.00,,0.04,,,,,,
317454,,0.04,,,,,0.04,,0.04,,,,,,
317455,,0.04,,,,,0.04,,0.04,,,,,,
317456,,0.04,,,,,0.04,,0.04,,,,,,
317457,,0.04,,,,,0.04,0.40,0.04,,,,0.40,0.40,0.40
317458,,0.04,,,,,0.04,,0.04,,,,,,
317459,,14.99,,,,,,,14.99,,,,,,
317460,,2.49,,,,,2.49,,2.49,,,,,,
317461,,0.20,0.02,,,,0.20,0.02,0.20,,,,1.00,1.00,1.00
317462,,,,,,,,,,,,,,,
317463,,,,,,,,,,,,,,,
317464,,,,,,,,,,,,,,,
317465,,0.49,1.50,,,,0.49,0.50,0.49,1.50,2.00,2.00,0.50,1.29,1.29
317466,,1.00,,,,,,,1.00,,,,,,
317467,,1.00,0.02,,,,,,1.00,0.50,0.50,0.50,,,
317468,,0.25,,,,,,,0.25,,,,,,
317469,,0.50,0.02,,,,,,0.50,1.00,1.00,1.00,,,
317470,,0.50,,,,,,,0.50,,,,,,
317471,,0.49,0.65,,,,,,0.49,0.65,0.77,0.77,,,
317472,,0.25,,,,,,,0.25,,,,,,
317473,,1.00,,,,,,,1.00,,,,,,
317474,,1.20,1.20,,,,,,1.20,1.20,1.20,1.20,,,
317475,,,1.00,,,,,,,1.00,1.00,1.00,,,
317476,,0.25,,,,,,,0.25,,,,,,
317477,,0.25,,,,,,,0.25,,,,,,
317478,,0.20,,,,,,,0.20,,,,,,
317479,,0.25,,,,,,,0.25,,,,,,
317480,,,,,,,,,,,,,,,
317481,,0.71,1.69,,,,0.71,0.50,0.71,1.95,1.98,1.98,0.50,0.50,0.50
317482,,0.20,0.20,,,,,,0.20,0.20,0.20,0.20,,,
317483,,0.50,0.35,,,,,,0.50,0.35,0.35,0.35,,,
317484,,,1.20,,,,,,,1.20,1.20,1.20,,,
317485,,0.02,,,,,,,0.02,,,,,,
317486,,0.50,,,,,,,0.50,,,,,,
317487,,0.25,,,,,,,0.25,,,,,,
317488,,0.50,0.02,,,,0.50,,0.50,1.00,1.00,1.00,,,
317489,,1.20,,,,,,,1.20,,,,,,
317490,,0.25,,,,,,,0.25,,,,,,
317491,,1.00,,,,,,,1.00,,,,,,
317492,,0.50,,,,,,,0.50,,,,,,
317493,,1.20,,,,,,,1.20,,,,,,
317494,,0.25,,,,,,,0.25,,,,,,
317495,,0.25,,,,,,,0.25,,,,,,
317496,,6.00,,,,,6.00,,6.00,,,,,,
317497,,5.00,,,,,5.00,,5.00,,,,,,
317498,,0.20,,,,,,,0.20,,,,,,
317499,,0.25,,,,,,,0.25,,,,,,
317500,,0.50,0.02,,,,,,0.50,1.00,1.00,1.00,,,
317501,,0.20,,,,,,,0.20,,,,,,
317502,,0.25,,,,,,,0.25,,,,,,
317503,,0.20,,,,,,,0.20,,,,,,
317504,,0.50,0.02,,,,,,0.50,1.00,1.00,1.00,,,
317505,,1.20,,,,,,,1.20,,,,,,
317506,,0.25,,,,,,,0.25,,,,,,
317507,,1.20,,,,,,,1.20,,,,,,
317508,,0.50,0.50,,,,,,0.50,0.50,0.50,0.50,,,
317509,,1.00,,,,,,,1.00,,,,,,
317510,,,0.02,,,,,,,1.00,1.00,1.00,,,
317511,,0.20,,,,,,,0.20,,,,,,
317512,,,,,,,,,,,,,,,
317513,,,,,,,,,,,,,,,
317514,,,,,,,,,,,,,,,
317515,,3.00,0.02,,,,3.00,,3.00,2.50,2.50,2.50,,,
317516,,,,,,,,,,,,,,,
317517,,0.07,,,,,,,0.07,,,,,,
317518,,0.20,,,,,,,0.20,,,,,,
317519,,,,,,,,,,,,,,,
317520,,0.20,,,,,,,0.20,,,,,,
317521,,0.20,,,,,,,0.20,,,,,,
317522,,1.20,0.02,,,,,,1.20,1.50,1.50,1.50,,,
317523,,0.25,,,,,,,0.25,,,,,,
317524,,0.25,,,,,,,0.25,,,,,,
317525,,0.50,,,,,,,0.50,,,,,,
317526,,0.20,,,,,,,0.20,,,,,,
317527,,1.00,,,,,,,1.00,,,,,,
317528,,0.50,,,,,,,0.50,,,,,,
317529,,1.00,,,,,,,1.00,,,,,,
317530,,,0.50,,,,,,,0.50,0.50,0.50,,,
317531,,,,,,,,,,,,,,,
317532,,,1.38,,,,,0.50,,1.50,1.83,1.83,0.50,0.50,0.50
317533,,0.50,,,,,,,0.50,,,,,,
317534,,0.02,,,,,,,0.02,,,,,,
317535,,1.20,,,,,,,1.20,,,,,,
317536,,1.20,,,,,,,1.20,,,,,,
317537,,0.02,,,,,,,0.02,,,,,,
317538,,0.05,,,,,,,0.05,,,,,,
317539,,0.02,,,,,,,0.02,,,,,,
317540,,0.25,,,,,,,0.25,,,,,,
317541,,,0.02,,,,,,,0.50,0.50,0.50,,,
317542,,,1.20,,,,,,,1.20,1.20,1.20,,,
317543,,0.15,0.02,,,,,,0.15,1.00,1.00,1.00,,,
317544,,0.09,,,,,,,0.09,,,,,,
317545,,0.02,,,,,,,0.02,,,,,,
317546,,1.20,,,,,,,1.20,,,,,,
317547,,0.02,,,,,,,0.02,,,,,,
317548,,,,,,,,,,,,,,,
317549,,1.49,1.39,,,,1.49,0.50,1.49,1.50,1.75,1.75,0.50,0.50,0.50
317550,,0.02,,,,,,,0.02,,,,,,
317551,,0.25,,,,,,,0.25,,,,,,
317552,,0.25,,,,,,,0.25,,,,,,
317553,,0.02,0.27,,,,,,0.02,0.25,0.23,0.23,,,
317554,,0.02,,,,,,,0.02,,,,,,
317555,,1.20,,,,,,,1.20,,,,,,
317556,,1.20,1.20,,,,,,1.20,1.20,1.20,1.20,,,
317557,,0.25,,,,,,,0.25,,,,,,
317558,,1.20,0.02,,,,,,1.20,1.00,1.00,1.00,,,
317559,,,,,,,,,,,,,,,
317560,,,,,,,,,,,,,,,
317561,,0.02,,,,,,,0.02,,,,,,
317562,,0.25,,,,,,,0.25,,,,,,
317563,,1.30,0.02,,,,,,1.30,1.00,1.00,1.00,,,
317564,,,,,,,,,,,,,,,
317565,,,,,,,,,,,,,,,
317566,,0.80,0.02,,,,,,0.80,0.50,0.50,0.50,,,
317567,,1.20,,,,,,,1.20,,,,,,
317568,,1.00,,,,,,,1.00,,,,,,
317569,,0.50,,,,,,,0.50,,,,,,
317570,,1.00,0.50,,,,,,1.00,0.50,0.75,0.75,,,
317571,,0.08,,,,,,,0.08,,,,,,
317572,,0.10,,,,,,,0.10,,,,,,
317573,,1.30,0.50,,,,,,1.30,0.50,0.75,0.75,,,
317574,,1.00,,,,,,,1.00,,,,,,
317575,,0.02,,,,,,,0.02,,,,,,
317576,,0.05,,,,,,,0.05,,,,,,
317577,,2.40,1.90,,,,,,2.40,1.90,1.45,1.45,,,
317578,,0.05,,,,,,,0.05,,,,,,
317579,,,,,,,,,,,,,,,
317580,,1.00,,,,,,,1.00,,,,,,
317581,,0.10,,,,,,,0.10,,,,,,
317582,,0.50,0.02,,,,,,0.50,0.50,0.50,0.50,,,
317583,,1.00,0.02,,,,,,1.00,1.00,1.00,1.00,,,
317584,,0.90,,,,,,,0.90,,,,,,
317585,,1.00,,,,,,,1.00,,,,,,
317586,,,,,,,,,,,,,,,
317587,,1.09,,,,,,,1.09,,,,,,
317588,,1.00,,,,,,,1.00,,,,,,
317589,,0.20,,,,,,,0.20,,,,,,
317590,,0.50,,,,,,,0.50,,,,,,
317591,,8.00,0.02,,,,,,8.00,2.00,2.00,2.00,,,
317592,,0.50,0.02,,,,,,0.50,0.75,0.75,0.75,,,
317593,,0.05,,,,,,,0.05,,,,,,
317594,,0.08,0.02,,,,,,0.08,1.00,1.00,1.00,,,
317595,,0.50,,,,,,,0.50,,,,,,
317596,,0.05,,,,,,,0.05,,,,,,
317597,,1.00,0.02,,,,,,1.00,1.00,1.00,1.00,,,
317598,,1.20,,,,,,,1.20,,,,,,
317599,,0.50,,,,,,,0.50,,,,,,
317600,,0.05,,,,,,,0.05,,,,,,
317601,,1.20,,,,,,,1.20,,,,,,
317602,,0.90,0.02,,,,,,0.90,1.00,1.00,1.00,,,
317603,,0.25,,,,,,,0.25,,,,,,
317604,,,,,,,,,,,,,,,
317605,,0.20,,,,,,,0.20,,,,,,
317606,,0.25,,,,,,,0.25,,,,,,
317607,,1.20,,,,,,,1.20,,,,,,
317608,,0.50,0.02,,,,,,0.50,1.00,1.00,1.00,,,
317609,,0.50,,,,,,,0.50,,,,,,
317610,,1.00,,,,,,,1.00,,,,,,
317611,,1.20,,,,,,,1.20,,,,,,
317612,,0.20,,,,,,,0.20,,,,,,
317613,,0.25,,,,,,,0.25,,,,,,
317614,,0.02,,,,,,,0.02,,,,,,
317615,,0.20,,,,,,,0.20,,,,,,
317616,,0.05,0.02,,,,,,0.05,1.00,1.00,1.00,,,
317617,,0.05,,,,,,,0.05,,,,,,
317618,,1.30,,,,,,,1.30,,,,,,
317619,,1.20,,,,,,,1.20,,,,,,
317620,,,,,,,,1.00,,,,,1.00,1.00,1.00
317621,,0.50,,,,,,,0.50,,,,,,
317622,,1.00,0.02,,,,,,1.00,1.00,1.00,1.00,,,
317623,,1.20,,,,,,,1.20,,,,,,
317624,,,,,,,,,,,,,,,
317625,,0.02,,,,,,,0.02,,,,,,
317626,,0.50,,,,,,,0.50,,,,,,
317627,,0.05,,,,,,,0.05,,,,,,
317628,,1.00,0.02,,,,,,1.00,1.50,1.50,1.50,,,
317629,,3.00,,,,,30.00,,3.00,,,,,,
317630,,,,,,,,,,,,,,,
317631,,1.20,,,,,,,1.20,,,,,,
317632,,,1.00,,,,,,,1.00,1.00,1.00,,,
317633,,0.02,,,,,,,0.02,,,,,,
317634,,0.85,,,,,,,0.85,,,,,,
317635,,1.00,0.02,,,,,,1.00,0.50,0.50,0.50,,,
317636,,1.00,,,,,,,1.00,,,,,,
317637,,0.05,,,,,,,0.05,,,,,,
317638,,0.50,,,,,,,0.50,,,,,,
317639,,0.02,,,,,,,0.02,,,,,,
317640,,1.00,,,,,,,1.00,,,,,,
317641,,0.50,,,,,,,0.50,,,,,,
317642,,0.02,,,,,,,0.02,,,,,,
317643,,1.20,,,,,,,1.20,,,,,,
317644,,0.02,,,,,,,0.02,,,,,,
317645,,,,,,,,,,,,,,,
317646,,35.00,,,,,35.00,,35.00,,,,,,
317647,,1.00,0.02,,,,,,1.00,1.00,1.00,1.00,,,
317648,,0.20,,,,,,,0.20,,,,,,
317649,,1.00,,,,,,,1.00,,,,,,
317650,,1.20,,,,,,,1.20,,,,,,
317651,,0.25,,,,,,,0.25,,,,,,
317652,,0.08,,,,,,,0.08,,,,,,
317653,,0.02,,,,,,,0.02,,,,,,
317654,,0.20,,,,,,,0.20,,,,,,
317655,,1.00,,,,,,,1.00,,,,,,
317656,,0.20,,,,,,,0.20,,,,,,
317657,,0.50,,,,,,,0.50,,,,,,
317658,,1.20,,,,,,,1.20,,,,,,
317659,,0.25,,,,,,,0.25,,,,,,
317660,,1.00,0.50,,,,,,1.00,0.50,0.75,0.75,,,
317661,,0.50,,,,,,,0.50,,,,,,
317662,,0.02,,,,,,,0.02,,,,,,
317663,,1.20,,,,,,,1.20,,,,,,
317664,,1.20,,,,,,,1.20,,,,,,
317665,,1.00,0.02,,,,,,1.00,0.50,0.50,0.50,,,
317666,,,1.00,,,,,,,1.00,1.00,1.00,,,
317667,,0.25,,,,,,,0.25,,,,,,
317668,,0.05,,,,,,,0.05,,,,,,
317669,,1.20,,,,,,,1.20,,,,,,
317670,,1.20,,,,,,,1.20,,,,,,
317671,,,,,,,,,,,,,,,
317672,,,,,,,,,,,,,,,
317673,,,,,,,,,,,,,,,
317674,,,,,,,,,,,,,,,
317675,,1.00,0.10,,,,,,1.00,0.10,0.10,0.10,,,
317676,,,0.02,,,,,,,1.00,1.00,1.00,,,
317677,,,,,,,,,,,,,,,
317678,,,,,,,,1.92,,,,,1.90,5.95,5.95
317679,,1.00,,,,,,,1.00,,,,,,
317680,,2.50,0.02,,,,2.50,,2.50,2.50,2.50,2.50,,,
317681,,,,,,,,,,,,,,,
317682,,0.20,0.02,,,,,,0.20,0.25,0.25,0.25,,,
317683,,,,,,,,,,,,,,,
317684,,0.20,,,,,,,0.20,,,,,,
317685,,0.25,,,,,,,0.25,,,,,,
317686,,0.02,,,,,,,0.02,,,,,,
317687,,,0.02,,,,,,,0.25,0.25,0.25,,,
317688,,0.15,,,,,,,0.15,,,,,,
317689,,0.50,0.02,,,,,,0.50,1.50,1.50,1.50,,,
317690,,0.20,,,,,,,0.20,,,,,,
317691,,0.25,,,,,,,0.25,,,,,,
317692,,0.74,0.02,,,,,,0.74,1.00,1.00,1.00,,,
317693,,5.00,,,,,5.00,,5.00,,,,,,
317694,,10.00,,,,,,,10.00,,,,,,
317695,,0.50,0.02,,,,,,0.50,1.00,1.00,1.00,,,
317696,,,0.25,,,,,,,0.25,0.92,0.92,,,
317697,,1.00,0.97,,,,,,1.00,0.40,1.60,1.60,,,
317698,,,,,,,,,,,,,,,
317699,,,,,,,,,,,,,,,
317700,,1.20,,,,,,,1.20,,,,,,
317701,,0.40,,,,,,,0.40,,,,,,
317702,,2.50,,,,,,,2.50,,,,,,
317703,,1.30,,,,,,,1.30,,,,,,
317712,,2.50,,,,,,,2.50,,,,,,
317713,,2.50,,,,,,,2.50,,,,,,
317714,,2.80,,,,,2.80,,2.80,,,,,,
317715,,0.05,,,,,,,0.05,,,,,,
317716,,0.25,,,,,,,0.25,,,,,,
317717,,0.20,,,,,,,0.20,,,,,,
317718,,0.50,0.02,,,,,,0.50,1.50,1.50,1.50,,,
317719,,0.25,,,,,,,0.25,,,,,,
317720,,0.20,,,,,,,0.20,,,,,,
317721,,,,,,,,,,,,,,,
317722,,1.50,0.02,,,,,,1.50,1.00,1.00,1.00,,,
317723,,0.25,0.20,,,,,,0.25,0.20,0.20,0.20,,,
317724,,0.50,,,,,,,0.50,,,,,,
317725,,2.00,0.02,,,,,,2.00,1.00,1.00,1.00,,,
317726,,,,,,,,,,,,,,,
317727,,,,,,,,1.90,,,,,1.90,1.90,1.90
317729,,0.90,1.50,,,,0.90,0.02,0.90,1.50,2.00,2.00,1.00,1.00,1.00
317730,,,0.02,,,,,,,0.50,0.50,0.50,,,
317731,,0.02,,,,,,,0.02,,,,,,
317732,,1.00,,,,,,,1.00,,,,,,
317733,,0.20,0.02,,,,,,0.20,1.00,1.00,1.00,,,
317734,,0.20,,,,,,,0.20,,,,,,
317735,,0.40,,,,,,,0.40,,,,,,
317736,,0.25,,,,,,,0.25,,,,,,
317737,,0.25,,,,,,,0.25,,,,,,
317738,,0.02,,,,,,,0.02,,,,,,
317739,,0.89,0.02,,,,,,0.89,1.00,1.00,1.00,,,
317740,,,,,,,,,,,,,,,
317742,,1.20,,,,,,,1.20,,,,,,
317743,,5.00,,,,,5.00,,5.00,,,,,,
317744,,1.49,1.50,,,,1.49,0.49,1.49,1.50,2.00,2.00,0.50,0.48,0.48
317745,,0.02,,,,,,,0.02,,,,,,
317746,,0.05,,,,,,,0.05,,,,,,
317747,,0.02,,,,,,,0.02,,,,,,
317748,,0.20,,,,,,,0.20,,,,,,
317749,,,0.02,,,,,,,1.50,1.50,1.50,,,
317750,,1.00,,,,,,,1.00,,,,,,
317751,,2.50,0.13,,,,,,2.50,0.13,0.13,0.13,,,
317752,,0.50,,,,,,,0.50,,,,,,
317753,,0.40,,,,,,,0.40,,,,,,
317754,,0.25,,,,,,,0.25,,,,,,
317755,,0.02,,,,,,,0.02,,,,,,
317756,,0.20,,,,,,,0.20,,,,,,
317757,,,,,,,,,,,,,,,
317758,,1.30,1.50,,,,1.30,,1.30,1.50,2.00,2.00,,,
317759,,0.25,,,,,,,0.25,,,,,,
317760,,0.50,0.02,,,,,,0.50,0.75,0.75,0.75,,,
317761,,0.02,,,,,,,0.02,,,,,,
317762,,2.50,,,,,,,2.50,,,,,,
317763,,0.02,,,,,,,0.02,,,,,,
317764,,0.02,,,,,,,0.02,,,,,,
317765,,0.50,0.02,,,,,,0.50,1.00,1.00,1.00,,,
317766,,0.44,2.50,,,,,,0.44,2.50,2.00,2.00,,,
317767,,0.02,,,,,,,0.02,,,,,,
317768,,0.02,,,,,,,0.02,,,,,,
317769,,0.05,,,,,,,0.05,,,,,,
317770,,9.50,,,,,9.50,1.90,9.50,,,,1.90,1.90,1.90
317771,,19.00,,,,,19.00,,19.00,,,,,,
317772,,0.50,1.50,,,,0.50,0.50,0.50,1.50,2.00,2.00,0.50,0.50,0.50
317773,,1.25,,,,,,,1.25,,,,,,
317774,,,,,,,,,,,,,,,
317775,,0.25,,,,,,,0.25,,,,,,
317776,,0.25,,,,,,,0.25,,,,,,
317777,,0.25,,,,,,,0.25,,,,,,
317778,,0.25,,,,,,,0.25,,,,,,
317779,,0.02,,,,,,,0.02,,,,,,
317780,,0.02,,,,,,,0.02,,,,,,
317781,,1.00,,,,,,,1.00,,,,,,
317782,,0.50,0.02,,,,,,0.50,1.00,1.00,1.00,,,
317783,,0.05,,,,,,,0.05,,,,,,
317784,,2.00,1.90,,,,2.00,1.00,2.00,1.90,1.90,1.90,1.00,1.00,1.00
317785,,,,,,,,,,,,,,,
317786,,0.50,0.02,,,,,,0.50,1.00,1.00,1.00,,,
317787,,0.50,,,,,,,0.50,,,,,,
317788,,1.20,,,,,,,1.20,,,,,,
317789,,0.20,,,,,,,0.20,,,,,,
317790,,0.50,,,,,,,0.50,,,,,,
317791,,0.02,0.02,,,,,,0.02,1.50,1.50,1.50,,,
317792,,0.20,,,,,,,0.20,,,,,,
317794,,,,,,,,,,,,,,,
317795,,,,,,,,,,,,,,,
317796,,1.20,,,,,,,1.20,,,,,,
317797,,0.71,1.40,,,,,,0.71,1.40,1.40,1.40,,,
317798,,0.05,,,,,,,0.05,,,,,,
317799,,0.20,0.02,,,,,,0.20,1.00,1.00,1.00,,,
317800,,2.96,0.10,,,,,,2.96,0.10,0.30,0.30,,,
317801,,0.30,,,,,,,0.30,,,,,,
317802,,1.00,0.02,,,,,,1.00,2.00,2.00,2.00,,,
317803,,0.50,0.02,,,,,,0.50,1.00,1.00,1.00,,,
317804,,6.99,,,,,6.99,,6.99,,,,,,
317805,,0.30,,,,,,,0.30,,,,,,
317806,,1.00,0.02,,,,,,1.00,1.00,1.00,1.00,,,
317807,,0.50,,,,,,,0.50,,,,,,
317808,,0.25,,,,,,,0.25,,,,,,
317809,,1.20,,,,,,,1.20,,,,,,
317810,,1.20,,,,,,,1.20,,,,,,
317811,,0.37,0.02,,,,,,0.37,2.00,2.00,2.00,,,
317812,,1.50,,,,,,,1.50,,,,,,
317813,,0.50,0.25,,,,,,0.50,0.25,0.63,0.63,,,
317814,,0.23,0.02,,,,,,0.23,1.00,1.00,1.00,,,
317815,,1.50,,,,,,,1.50,,,,,,
317816,,0.50,0.02,,,,,,0.50,1.50,1.50,1.50,,,
317817,,,,,,,,,,,,,,,
317818,,0.05,,,,,,,0.05,,,,,,
317820,,,,,,,,,,,,,,,
317821,,1.00,,,,,,,1.00,,,,,,
317823,,1.20,,,,,,,1.20,,,,,,
317824,,0.50,0.02,,,,,,0.50,1.00,1.00,1.00,,,
317826,,1.50,,,,,,,1.50,,,,,,
317827,,1.20,,,,,,,1.20,,,,,,
317828,,0.50,,,,,,,0.50,,,,,,
317829,,0.23,,,,,,,0.23,,,,,,
317830,,,,,,,,,,,,,,,
317831,,0.02,,,,,,,0.02,,,,,,
317832,,0.50,0.02,,,,,,0.50,1.00,1.00,1.00,,,
317833,,0.02,,,,,,,0.02,,,,,,
317834,,0.25,,,,,,,0.25,,,,,,
317835,,0.02,,,,,,,0.02,,,,,,
317836,,0.23,,,,,,,0.23,,,,,,
317837,,0.20,,,,,,,0.20,,,,,,
317838,,0.50,,,,,,,0.50,,,,,,
317839,,0.05,,,,,,,0.05,,,,,,
317840,,1.46,,,,,,,1.46,,,,,,
317841,,0.25,,,,,,,0.25,,,,,,
317842,,0.05,,,,,,,0.05,,,,,,
317843,,0.75,0.02,,,,,,0.75,0.50,0.50,0.50,,,
317844,,0.50,0.02,,,,,,0.50,1.00,1.00,1.00,,,
317845,,1.20,,,,,,,1.20,,,,,,
317846,,0.50,,,,,,,0.50,,,,,,
317847,,3.00,,,,,3.00,,3.00,,,,,,
317848,,0.25,0.02,,,,,,0.25,1.00,1.00,1.00,,,
317849,,1.20,,,,,,,1.20,,,,,,
317850,,1.20,,,,,,,1.20,,,,,,
317851,,,,,,,,,,,,,,,
317852,,1.20,,,,,,,1.20,,,,,,
317853,,,,,,,,,,,,,,,
317854,,0.05,,,,,,,0.05,,,,,,
317855,,0.25,,,,,,,0.25,,,,,,
317856,,1.00,0.02,,,,,,1.00,2.00,2.00,2.00,,,
317857,,0.40,,,,,,,0.40,,,,,,
317858,,0.25,,,,,,,0.25,,,,,,
317859,,1.20,,,,,,,1.20,,,,,,
317860,,1.20,,,,,,,1.20,,,,,,
317861,,0.50,0.02,,,,,,0.50,1.00,1.00,1.00,,,
317862,,0.50,0.02,,,,,,0.50,1.00,1.00,1.00,,,
317863,,,,,,,,,,,,,,,
317864,,0.25,,,,,,,0.25,,,,,,
317865,,1.00,0.02,,,,,,1.00,1.00,1.00,1.00,,,
317866,,0.02,,,,,,,0.02,,,,,,
317867,,1.20,,,,,,,1.20,,,,,,
317868,,0.50,0.40,,,,,,0.50,0.40,0.40,0.40,,,
317869,,1.20,,,,,,,1.20,,,,,,
317870,,1.20,,,,,,,1.20,,,,,,
317871,,1.50,0.02,,,,,,1.50,1.50,1.50,1.50,,,
317872,,0.02,,,,,,,0.02,,,,,,
317873,,0.60,,,,,,,0.60,,,,,,
317874,,1.20,,,,,,,1.20,,,,,,
317875,,,,,,,,,,,,,,,
317876,,,,,,,,,,,,,,,
317877,,0.20,,,,,,,0.20,,,,,,
317878,,0.20,,,,,,,0.20,,,,,,
317879,,0.20,,,,,,,0.20,,,,,,
317880,,1.20,,,,,,,1.20,,,,,,
317881,,0.05,,,,,,,0.05,,,,,,
317882,,0.05,,,,,,,0.05,,,,,,
317883,,0.25,,,,,,,0.25,,,,,,
317884,,0.02,,,,,,,0.02,,,,,,
317885,,1.20,,,,,,,1.20,,,,,,
317886,,0.24,,,,,,,0.24,,,,,,
317887,,0.25,,,,,,,0.25,,,,,,
317888,,1.20,,,,,,,1.20,,,,,,
317889,,0.40,,,,,,,0.40,,,,,,
317890,,0.23,,,,,,,0.23,,,,,,
317891,,0.50,,,,,,,0.50,,,,,,
317892,,0.25,,,,,,,0.25,,,,,,
317893,,,,,,,,,,,,,,,
317894,,0.02,,,,,,,0.02,,,,,,
317895,,0.25,,,,,,,0.25,,,,,,
317896,,0.03,,,,,,,0.03,,,,,,
317897,,1.20,,,,,,,1.20,,,,,,
317898,,0.02,,,,,,,0.02,,,,,,
317899,,0.02,,,,,,,0.02,,,,,,
317900,,0.08,,,,,,,0.08,,,,,,
317901,,1.20,,,,,,,1.20,,,,,,
317902,,,0.02,,,,,,,0.15,0.15,0.15,,,
317903,,,,,,,,14.95,,,,,14.95,14.95,14.95
317904,,,2.00,,,,,,,2.00,2.00,2.00,,,
317905,,,0.20,,,,,,,0.20,0.20,0.20,,,
317906,,,0.02,,,,,,,8.00,8.00,8.00,,,
317907,,0.20,0.02,,,,,,0.20,0.15,0.15,0.15,,,
317908,,,0.02,,,,,,,0.15,0.15,0.15,,,
317909,,,,,,,,,,,,,,,
317910,,9.90,0.02,,,,,,9.90,0.15,0.15,0.15,,,
317911,,,0.02,,,,,,,0.15,0.15,0.15,,,
317912,,,,,,,,,,,,,,,
317913,,,,,,,,,,,,,,,
317914,,0.02,,,,,,,0.02,,,,,,
317915,,1.09,2.00,,,,,,1.09,2.00,1.33,1.33,,,
317916,,,,,,,,,,,,,,,
317917,,7.00,4.00,,,,,,7.00,4.00,4.75,4.75,,,
317918,,0.02,,,,,,,0.02,,,,,,
317919,,2.00,0.02,,,,,,2.00,3.00,3.00,3.00,,,
317920,,0.03,,,,,,,0.03,,,,,,
317921,,2.50,,,,,2.50,,2.50,,,,,,
317922,,,,,,,,,,,,,,,
317923,,5.00,,,,,,,5.00,,,,,,
317924,,,,,,,,,,,,,,,
317925,,,,,,,,,,,,,,,
317926,,,,,,,,,,,,,,,
317927,,,,,,,,,,,,,,,
317928,,1.50,,,,,,,1.50,,,,,,
317929,,15.00,,,,,,,15.00,,,,,,
317930,,3.00,,,,,,,3.00,,,,,,
317931,,3.00,2.95,,,,,,3.00,2.95,2.98,2.98,,,
317932,,0.02,,,,,,,0.02,,,,,,
317933,,3.50,,,,,,,3.50,,,,,,
317934,,,,,,,,,,,,,,,
317935,,,,,,,,,,,,,,,
317936,,0.02,,,,,,,0.02,,,,,,
317937,,0.02,,,,,,,0.02,,,,,,
317938,,1.09,0.02,,,,,,1.09,1.50,1.50,1.50,,,
317939,,,0.02,,,,,,,2.00,2.00,2.00,,,
317940,,,,,,,,,,,,,,,
317941,,0.02,,,,,,,0.02,,,,,,
317942,,0.03,,,,,,,0.03,,,,,,
317943,,,,,,,,,,,,,,,
317944,,0.03,,,,,,,0.03,,,,,,
317945,,14.00,,,,,14.00,,14.00,,,,,,
317946,,,,,,,,,,,,,,,
317947,,0.02,,,,,,,0.02,,,,,,
317948,,1.50,,,,,,,1.50,,,,,,
317949,,10.00,,,,,,,10.00,,,,,,
317950,,5.00,,,,,,,5.00,,,,,,
317951,,,0.03,,,,,,,0.03,0.03,0.03,,,
317952,,,,,,,,,,,,,,,
317953,,,,,,,,,,,,,,,
317954,,,,,,,,,,,,,,,
317955,,,,,,,,,,,,,,,
317956,,,,,,,,,,,,,,,
317957,,1.00,0.02,,,,,,1.00,1.50,1.50,1.50,,,
317958,,3.00,3.00,,,,6.00,,3.00,3.00,3.00,3.00,,,
317959,,0.03,0.02,,,,,,0.03,0.02,0.02,0.02,,,
317960,,6.00,0.02,,,,6.00,,6.00,2.00,2.00,2.00,,,
317961,,5.00,,,,,,,5.00,,,,,,
317962,,,,,,,,,,,,,,,
317963,,,,,,,,,,,,,,,
317964,,,,,,,,,,,,,,,
317965,,,,,,,,,,,,,,,
317966,,,,,,,,,,,,,,,
317967,,1.50,0.02,,,,,,1.50,1.50,1.50,1.50,,,
317968,,,0.02,,,,,,,5.00,5.00,5.00,,,
317969,,,0.03,,,,,,,0.03,0.03,0.03,,,
317970,,0.03,,,,,,,0.03,,,,,,
317971,,,0.02,,,,,,,0.09,0.09,0.09,,,
317972,,0.02,,,,,,,0.02,,,,,,
317973,,0.03,,,,,,,0.03,,,,,,
317974,,,1.62,,,,,,,1.95,1.47,1.47,,,
317975,,1.00,,,,,,,1.00,,,,,,
317976,,,,,,,,,,,,,,,
317977,,1.50,,,,,,,1.50,,,,,,
317978,,2.00,,,,,2.00,,2.00,,,,,,
317979,,1.46,0.02,,,,,,1.46,2.00,2.00,2.00,,,
317980,,2.96,2.95,,,,3.50,3.30,2.96,2.95,2.95,2.95,3.30,3.30,3.30
317981,,0.02,,,,,,,0.02,,,,,,
317982,,12.00,,,,,,,12.00,,,,,,
317983,,,,,,,,,,,,,,,
317984,,5.00,,,,,,,5.00,,,,,,
317985,,,,,,,,,,,,,,,
317986,,2.21,0.02,,,,,,2.21,2.00,2.00,2.00,,,
317987,,0.03,,,,,,,0.03,,,,,,
317988,,,,,,,,,,,,,,,
317989,,1.87,,,,,,,1.87,,,,,,
317990,,,,,,,,,,,,,,,
317991,,,,,,,,,,,,,,,
317992,,2.21,,,,,3.50,,2.21,,,,,,
317993,,0.02,,,,,,,0.02,,,,,,
317994,,,,,,,,,,,,,,,
317995,,0.03,,,,,,,0.03,,,,,,
317996,,0.02,,,,,,,0.02,,,,,,
317997,,3.00,1.95,,,,,,3.00,1.95,1.95,1.95,,,
317998,,,,,,,,,,,,,,,
317999,,0.02,,,,,,,0.02,,,,,,
318000,,,,,,,,,,,,,,,
318001,,1.50,,,,,,,1.50,,,,,,
318002,,,,,,,,,,,,,,,
318003,,1.20,1.20,,,,,,1.20,1.20,1.20,1.20,,,
318004,,0.02,,,,,,,0.02,,,,,,
318005,,1.46,0.02,,,,,,1.46,1.00,1.00,1.00,,,
318006,,0.02,,,,,,,0.02,,,,,,
318007,,3.00,0.02,,,,,,3.00,2.50,2.50,2.50,,,
318008,,,,,,,,,,,,,,,
318010,,0.02,,,,,,,0.02,,,,,,
318011,,5.00,,,,,,,5.00,,,,,,
318012,,,,,,,,,,,,,,,
318014,,1.00,0.02,,,,,,1.00,1.00,1.00,1.00,,,
318015,,,,,,,,,,,,,,,
318017,,1.46,,,,,,,1.46,,,,,,
318018,,2.00,,,,,,,2.00,,,,,,
318019,,0.99,,,,,,,0.99,,,,,,
318021,,,,,,,,,,,,,,,
318022,,0.02,,,,,,,0.02,,,,,,
318023,,,0.02,,,,,,,15.00,15.00,15.00,,,
318024,,,0.02,,,,,,,1.50,1.50,1.50,,,
318025,,,,,,,,,,,,,,,
318029,,,,,,,,,,,,,,,
318031,,10.00,,,,,,,10.00,,,,,,
318032,,1.50,0.02,,,,,,1.50,1.50,1.50,1.50,,,
318035,,,,,,,,,,,,,,,
318037,,,,,,,,,,,,,,,
318039,,,,,,,,,,,,,,,
318042,,2.50,0.02,,,,,,2.50,2.00,2.00,2.00,,,
318044,,,,,,,,,,,,,,,
318045,,0.02,,,,,,,0.02,,,,,,
318047,,,,,,,,,,,,,,,
318049,,,,,,,,,,,,,,,
318050,,1.46,0.02,,,,,,1.46,1.50,1.50,1.50,,,
318052,,10.00,,,,,10.00,,10.00,,,,,,
318053,,0.71,1.50,,,,,,0.71,1.50,1.50,1.50,,,
318055,,1.30,,,,,,,1.30,,,,,,
318057,,1.50,0.02,,,,,,1.50,2.00,2.00,2.00,,,
318058,,1.09,,,,,,,1.09,,,,,,
318060,,0.49,,,,,,,0.49,,,,,,
318061,,1.46,0.02,,,,,,1.46,2.00,2.00,2.00,,,
318063,,,0.02,,,,,,,8.00,8.00,8.00,,,
318065,,6.00,,,,,,,6.00,,,,,,
318066,,0.02,,,,,,,0.02,,,,,,
318068,,,,,,,,,,,,,,,
318069,,1.50,,,,,,,1.50,,,,,,
318071,,,1.37,,,,,,,1.45,1.65,1.65,,,
318073,,,,,,,,,,,,,,,
318074,,1.00,0.02,,,,,,1.00,1.50,1.50,1.50,,,
318075,,2.00,0.02,,,,,,2.00,3.00,3.00,3.00,,,
318077,,,1.45,,,,,,,1.45,1.71,1.71,,,
318078,,,,,,,,,,,,,,,
318080,,0.02,,,,,,,0.02,,,,,,
318081,,,0.10,,,,,,,0.10,0.80,0.80,,,
318083,,1.09,,,,,,,1.09,,,,,,
318084,,0.94,0.02,,,,,,0.94,1.50,1.50,1.50,,,
318086,,,,,,,,,,,,,,,
318088,,1.00,0.02,,,,,,1.00,1.00,1.00,1.00,,,
318089,,,,,,,,,,,,,,,
318091,,,0.02,,,,,,,10.00,10.00,10.00,,,
318093,,,,,,,,,,,,,,,
318094,,,,,,,,,,,,,,,
318096,,,,,,,,,,,,,,,
318097,,,,,,,,,,,,,,,
318099,,0.02,,,,,,,0.02,,,,,,
318101,,,,,,,,,,,,,,,
318103,,,0.02,,,,,,,1.00,1.00,1.00,,,
318104,,,,,,,,,,,,,,,
318106,,1.50,,,,,,,1.50,,,,,,
318108,,,,,,,,,,,,,,,
318109,,,,,,,,,,,,,,,
318111,,,,,,,,,,,,,,,
318113,,1.50,,,,,,,1.50,,,,,,
318115,,,,,,,,,,,,,,,
318116,,1.00,0.10,,,,,,1.00,0.10,0.55,0.55,,,
318118,,,,,,,,,,,,,,,
318119,,,,,,,,,,,,,,,
318121,,,,,,,,,,,,,,,
318123,,0.99,,,,,,,0.99,,,,,,
318124,,1.50,0.02,,,,,,1.50,1.00,1.00,1.00,,,
318126,,,,,,,,,,,,,,,
318127,,2.00,0.02,,,,,,2.00,1.50,1.50,1.50,,,
318129,,,,,,,,,,,,,,,
318130,,,1.95,,,,,,,1.95,1.95,1.95,,,
318132,,0.02,,,,,,,0.02,,,,,,
318133,,1.50,,,,,,,1.50,,,,,,
318135,,0.02,,,,,,,0.02,,,,,,
318137,,0.03,,,,,,,0.03,,,,,,
318139,,,,,,,,,,,,,,,
318140,,,,,,,,,,,,,,,
318142,,,8.30,,,,,,,8.30,8.30,8.30,,,
318144,,1.50,0.02,,,,,,1.50,2.00,2.00,2.00,,,
318145,,0.02,,,,,,,0.02,,,,,,
318147,,,,,,,,,,,,,,,
318149,,,,,,,,,,,,,,,
318150,,0.02,,,,,,,0.02,,,,,,
318152,,,,,,,,,,,,,,,
318154,,20.00,,,,,,,20.00,,,,,,
318155,,,0.02,,,,,,,0.05,0.05,0.05,,,
318157,,1.00,0.10,,,,,,1.00,0.10,0.55,0.55,,,
318159,,,,,,,,,,,,,,,
318160,,,0.05,,,,,,,0.05,0.05,0.05,,,
318162,,1.00,,,,,,,1.00,,,,,,
318163,,1.00,0.02,,,,,,1.00,1.00,1.00,1.00,,,
318165,,1.00,0.02,,,,,,1.00,1.00,1.00,1.00,,,
318167,,,,,,,,,,,,,,,
318168,,,,,,,,,,,,,,,
318170,,5.00,0.05,,,,,,5.00,0.05,0.05,0.05,,,
318171,,,,,,,,,,,,,,,
318172,,,,,,,,,,,,,,,
318173,,,,,,,,,,,,,,,
318174,,0.02,,,,,,,0.02,,,,,,
318176,,,,,,,,,,,,,,,
318178,,,,,,,,,,,,,,,
318179,,,,,,,,,,,,,,,
318181,,,,,,,,,,,,,,,
318183,,,,,,,,,,,,,,,
318184,,1.50,,,,,,,1.50,,,,,,
318186,,0.02,,,,,,,0.02,,,,,,
318188,,0.02,,,,,,,0.02,,,,,,
318190,,,,,,,,,,,,,,,
318192,,,,,,,,,,,,,,,
318194,,,,,,,,,,,,,,,
318195,,0.02,,,,,,,0.02,,,,,,
318197,,0.02,,,,,,,0.02,,,,,,
318199,,0.02,,,,,,,0.02,,,,,,
318201,,0.02,,,,,,,0.02,,,,,,
318202,,,,,,,,,,,,,,,
318203,,0.02,0.02,,,,,,0.02,0.02,0.02,0.02,,,
318204,,,,,,,,,,,,,,,
318205,,0.02,,,,,,,0.02,,,,,,
318206,,3.00,3.95,,,,3.00,,3.00,3.95,3.95,3.95,,,
318207,,6.00,,,,,6.00,5.45,6.00,,,,5.45,5.45,5.45
318208,,1.00,0.02,,,,,,1.00,1.00,1.00,1.00,,,
318209,,,,,,,,6.00,,,,,6.00,6.00,6.00
318210,,0.02,,,,,,,0.02,,,,,,
318211,,,,,,,,,,,,,,,
318212,,0.10,,,,,,,0.10,,,,,,
318213,,0.20,0.02,,,,,,0.20,1.00,1.00,1.00,,,
318214,,,,,,,,,,,,,,,
318215,,,,,,,,,,,,,,,
318216,,,,,,,,,,,,,,,
318217,,0.02,0.02,,,,,,0.02,0.02,0.02,0.02,,,
318218,,0.02,,,,,,,0.02,,,,,,
318219,,0.02,,,,,,,0.02,,,,,,
318220,,0.02,,,,,,,0.02,,,,,,
318221,,1.84,2.95,,,,2.80,,1.84,2.95,2.95,2.95,,,
318222,,1.50,,,,,1.50,,1.50,,,,,,
318224,,0.30,,,,,,,0.30,,,,,,
318225,,,0.02,,,,,,,1.00,1.00,1.00,,,
318226,,0.02,,,,,,,0.02,,,,,,
318227,,,,,,,,10.00,,,,,10.00,10.00,10.00
318228,,0.30,,,,,,,0.30,,,,,,
318229,,,2.45,,,,,,,2.45,1.97,1.97,,,
318230,,0.02,,,,,,,0.02,,,,,,
318231,,0.20,,,,,,,0.20,,,,,,
318232,,0.02,,,,,,,0.02,,,,,,
318233,,0.02,,,,,,,0.02,,,,,,
318234,,1.00,0.02,,,,,,1.00,1.00,1.00,1.00,,,
318235,,0.02,,,,,,,0.02,,,,,,
318236,,2.50,1.95,,,,2.50,,2.50,1.95,1.95,1.95,,,
318237,,0.02,,,,,,,0.02,,,,,,
318238,,0.02,0.25,,,,,,0.02,0.25,0.25,0.25,,,
318239,,,,,,,,,,,,,,,
318240,,0.02,,,,,,,0.02,,,,,,
318241,,,,,,,,0.02,,,,,6.00,6.00,6.00
318242,,0.02,,,,,,,0.02,,,,,,
318243,,,,,,,,,,,,,,,
318244,,0.02,,,,,,,0.02,,,,,,
318245,,11.00,11.95,,,,11.00,,11.00,11.95,11.95,11.95,,,
318246,,0.02,0.02,,,,,,0.02,0.02,0.02,0.02,,,
318247,,7.00,,,,,7.00,,7.00,,,,,,
318248,,0.02,0.02,,,,,,0.02,0.02,0.02,0.02,,,
318249,,10.00,,,,,10.00,,10.00,,,,,,
318250,,0.85,,,,,,,0.85,,,,,,
318251,,,,,,,,,,,,,,,
318252,,0.02,,,,,,,0.02,,,,,,
318253,,,,,,,,,,,,,,,
318254,,,,,,,,,,,,,,,
318255,,1.09,0.02,,,,,,1.09,1.50,1.50,1.50,,,
318256,,,,,,,,,,,,,,,
318257,,0.02,,,,,,,0.02,,,,,,
318258,,0.02,,,,,,,0.02,,,,,,
318259,,,,,,,,,,,,,,,
318260,,5.75,,,,,5.75,,5.75,,,,,,
318261,,0.02,,,,,,,0.02,,,,,,
318262,,,0.10,,,,,,,0.10,0.55,0.55,,,
318263,,0.02,,,,,,,0.02,,,,,,
318264,,2.50,,,,,2.50,,2.50,,,,,,
318265,,0.02,0.25,,,,,,0.02,0.25,0.25,0.25,,,
318266,,1.00,,,,,,,1.00,,,,,,
318267,,0.02,,,,,,,0.02,,,,,,
318268,,,,,,,,5.00,,,,,5.00,5.00,5.00
318269,,,0.02,,,,,,,12.95,12.95,12.95,,,
318270,,2.65,2.95,,,,2.65,,2.65,2.95,2.98,2.98,,,
318271,,0.02,,,,,,,0.02,,,,,,
318272,,,,,,,,,,,,,,,
318273,,0.02,,,,,,,0.02,,,,,,
318274,,0.02,0.02,,,,,,0.02,0.02,0.02,0.02,,,
318275,,,,,,,,,,,,,,,
318276,,0.02,,,,,,,0.02,,,,,,
318277,,0.02,0.25,,,,,,0.02,0.25,0.25,0.25,,,
318278,,,,,,,,,,,,,,,
318279,,0.02,,,,,,,0.02,,,,,,
318280,,0.02,,,,,,,0.02,,,,,,
318281,,10.00,,,,,10.00,,10.00,,,,,,
318282,,,,,,,,,,,,,,,
318283,,1.50,0.02,,,,,,1.50,1.50,1.50,1.50,,,
318284,,0.02,0.25,,,,,,0.02,0.25,0.25,0.25,,,
318285,,0.02,0.25,,,,,,0.02,0.25,0.25,0.25,,,
318286,,0.02,0.50,,,,,,0.02,0.50,0.50,0.50,,,
318287,,,,,,,,,,,,,,,
318288,,0.02,,,,,,,0.02,,,,,,
318289,,0.02,,,,,,,0.02,,,,,,
318290,,,0.02,,,,,,,1.00,1.00,1.00,,,
318291,,0.02,,,,,,,0.02,,,,,,
318292,,0.71,0.10,,,,,,0.71,0.10,0.55,0.55,,,
318293,,1.00,,,,,,,1.00,,,,,,
318294,,1.50,1.67,,,,,,1.50,1.67,1.67,1.67,,,
318295,,0.02,,,,,,,0.02,,,,,,
318296,,1.09,0.02,,,,,,1.09,1.00,1.00,1.00,,,
318297,,1.09,1.50,,,,,,1.09,1.50,1.75,1.75,,,
318298,,0.71,0.02,,,,,,0.71,1.50,1.50,1.50,,,
318299,,,0.05,,,,,,,0.05,0.05,0.05,,,
318300,,0.02,,,,,,,0.02,,,,,,
318301,,0.02,,,,,,,0.02,,,,,,
318302,,,,,,,,,,,,,,,
318303,,2.00,,,,,,,2.00,,,,,,
318304,,1.46,0.02,,,,,,1.46,1.00,1.00,1.00,,,
318305,,0.49,,,,,,,0.49,,,,,,
318306,,0.02,,,,,,,0.02,,,,,,
318307,,1.30,0.02,,,,,,1.30,1.00,1.00,1.00,,,
318308,,0.49,0.02,,,,,,0.49,1.00,1.00,1.00,,,
318309,,,0.02,,,,,,,0.02,0.02,0.02,,,
318310,,2.00,2.00,,,,,,2.00,2.00,1.50,1.50,,,
318311,,0.02,,,,,,,0.02,,,,,,
318312,,2.96,3.95,,,,,,2.96,3.95,2.73,2.73,,,
318313,,1.50,0.99,,,,,,1.50,0.99,1.33,1.33,,,
318314,,0.02,,,,,,,0.02,,,,,,
318315,,0.02,,,,,,,0.02,,,,,,
318316,,0.02,,,,,,,0.02,,,,,,
318317,,1.30,1.50,,,,,,1.30,1.50,1.25,1.25,,,
318318,,0.02,,,,,,,0.02,,,,,,
318319,,0.02,,,,,,,0.02,,,,,,
318320,,2.00,,,,,,,2.00,,,,,,
318321,,0.02,,,,,,,0.02,,,,,,
318322,,0.02,0.02,,,,,,0.02,1.00,1.00,1.00,,,
318323,,1.50,0.02,,,,,,1.50,1.00,1.00,1.00,,,
318324,,2.00,,,,,,,2.00,,,,,,
318325,,,,,,,,,,,,,,,
318326,,,,,,,,,,,,,,,
318327,,,0.02,,,,,,,30.00,30.00,30.00,,,
318328,,,,,,,,,,,,,,,
318329,,0.71,,,,,,,0.71,,,,,,
318330,,,,,,,,,,,,,,,
318331,,0.02,,,,,,,0.02,,,,,,
318332,,,0.02,,,,,,,1.00,1.00,1.00,,,
318333,,0.02,,,,,,,0.02,,,,,,
318334,,,0.25,,,,,,,0.25,0.25,0.25,,,
318335,,,,,,,,,,,,,,,
318336,,0.02,,,,,,,0.02,,,,,,
318337,,1.00,0.02,,,,,,1.00,1.00,1.00,1.00,,,
318338,,0.02,0.25,,,,,,0.02,0.25,0.25,0.25,,,
318339,,,,,,,,,,,,,,,
318340,,,,,,,,,,,,,,,
318341,,,,,,,,,,,,,,,
318342,,,,,,,,,,,,,,,
318343,,0.02,,,,,,,0.02,,,,,,
318344,,,0.99,,,,,,,0.99,0.99,0.99,,,
318345,,0.30,0.10,,,,,,0.30,0.10,0.10,0.10,,,
318346,,0.02,,,,,,,0.02,,,,,,
318347,,0.02,,,,,,,0.02,,,,,,
318348,,,,,,,,,,,,,,,
318349,,,,,,,,,,,,,,,
318350,,2.00,,,,,,,2.00,,,,,,
318351,,0.40,,,,,0.40,,0.40,,,,,,
318352,,10.00,,,,,,,10.00,,,,,,
318353,,0.75,,,,,,,0.75,,,,,,
318354,,0.20,0.02,,,,,,0.20,0.50,0.50,0.50,,,
318355,,1.00,,,,,,,1.00,,,,,,
318356,,0.05,0.10,,,,,,0.05,0.10,0.10,0.10,,,
318357,,0.20,,,,,,,0.20,,,,,,
318358,,1.90,,,,,1.90,,1.90,,,,,,
318359,,,,,,,,,,,,,,,
318360,,0.08,0.10,,,,,,0.08,0.10,0.10,0.10,,,
318361,,3.00,,,,,,,3.00,,,,,,
318362,,0.05,0.10,,,,,,0.05,0.10,0.10,0.10,,,
318363,,0.08,,,,,,,0.08,,,,,,
318364,,0.50,,,,,,,0.50,,,,,,
318365,,0.90,0.98,,,,,,0.90,0.98,0.98,0.98,,,
318366,,0.02,0.49,,,,,,0.02,0.49,0.49,0.49,,,
318367,,0.30,,,,,,,0.30,,,,,,
318368,,10.00,,,,,10.00,,10.00,,,,,,
318369,,0.02,,,,,,,0.02,,,,,,
318370,,1.00,,,,,,,1.00,,,,,,
318371,,,,,,,,,,,,,,,
318372,,9.00,8.95,,,,,,9.00,8.95,8.95,8.95,,,
318373,,0.02,,,,,,,0.02,,,,,,
318374,,2.30,1.95,,,,2.30,,2.30,1.95,2.48,2.48,,,
318375,,0.05,0.25,,,,,,0.05,0.25,0.25,0.25,,,
318376,,0.02,0.10,,,,,,0.02,0.10,0.10,0.10,,,
318377,,1.00,,,,,,,1.00,,,,,,
318378,,0.71,,,,,,,0.71,,,,,,
318379,,,,,,,,,,,,,,,
318380,,0.05,0.10,,,,,,0.05,0.10,0.10,0.10,,,
318381,,0.02,,,,,,,0.02,,,,,,
318382,,5.00,5.00,,,,,,5.00,5.00,5.00,5.00,,,
318383,,0.49,0.45,,,,,,0.49,0.45,0.45,0.45,,,
318384,,0.02,0.02,,,,,,0.02,2.00,2.00,2.00,,,
318385,,0.02,,,,,,,0.02,,,,,,
318386,,5.90,19.95,,,,5.90,,5.90,19.95,19.95,19.95,,,
318387,,0.05,,,,,,,0.05,,,,,,
318388,,1.00,,,,,,,1.00,,,,,,
318389,,0.15,,,,,,,0.15,,,,,,
318390,,0.02,0.10,,,,,,0.02,0.10,0.10,0.10,,,
318391,,1.00,,,,,,,1.00,,,,,,
318392,,2.21,,,,,2.70,,2.21,,,,,,
318393,,0.20,,,,,,,0.20,,,,,,
318394,,0.08,,,,,,,0.08,,,,,,
318395,,0.02,0.02,,,,,,0.02,0.02,0.06,0.06,,,
318396,,2.50,,,,,2.50,,2.50,,,,,,
318397,,0.02,,,,,,,0.02,,,,,,
318398,,0.71,,,,,,,0.71,,,,,,
318399,,,,,,,,,,,,,,,
318400,,,,,,,,,,,,,,,
318401,,,,,,,,,,,,,,,
318402,,0.30,,,,,,,0.30,,,,,,
318403,,0.02,,,,,,,0.02,,,,,,
318404,,1.00,,,,,,,1.00,,,,,,
318405,,2.21,,,,,3.90,,2.21,,,,,,
318406,,1.50,0.02,,,,,,1.50,3.00,3.00,3.00,,,
318407,,0.02,0.02,,,,,,0.02,0.02,0.02,0.02,,,
318408,,0.02,,,,,,,0.02,,,,,,
318409,,0.02,,,,,,,0.02,,,,,,
318410,,0.02,,,,,,,0.02,,,,,,
318411,,1.30,,,,,,,1.30,,,,,,
318412,,4.00,,,,,4.00,,4.00,,,,,,
318413,,0.35,,,,,,,0.35,,,,,,
318414,,0.02,,,,,,,0.02,,,,,,
318415,,0.02,,,,,,,0.02,,,,,,
318416,,1.00,,,,,,,1.00,,,,,,
318417,,0.20,,,,,,,0.20,,,,,,
318418,,0.02,,,,,,,0.02,,,,,,
318419,,0.02,,,,,,,0.02,,,,,,
318420,,1.00,,,,,,,1.00,,,,,,
318421,,1.90,4.00,,,,1.90,,1.90,4.00,4.00,4.00,,,
318422,,0.02,,,,,,,0.02,,,,,,
318423,,2.21,,,,,,,2.21,,,,,,
318424,,0.40,,,,,,,0.40,,,,,,
318425,,,,,,,,,,,,,,,
318426,,,,,,,,,,,,,,,
318427,,0.02,,,,,,,0.02,,,,,,
318428,,2.40,1.95,,,,2.40,,2.40,1.95,1.95,1.95,,,
318429,,0.02,,,,,,,0.02,,,,,,
318430,,1.46,,,,,2.40,,1.46,,,,,,
318431,,0.05,,,,,,,0.05,,,,,,
318432,,8.50,,,,,9.30,,8.50,,,,,,
318433,,0.20,0.02,,,,,,0.20,0.02,0.02,0.02,,,
318434,,0.20,,,,,,,0.20,,,,,,
318435,,5.00,5.00,,,,5.00,,5.00,5.00,5.00,5.00,,,
318436,,0.35,0.02,,,,,,0.35,1.50,1.50,1.50,,,
318437,,2.21,,,,,,,2.21,,,,,,
318438,,0.15,,,,,,,0.15,,,,,,
318439,,,,,,,,,,,,,,,
318440,,0.02,,,,,,,0.02,,,,,,
318441,,0.34,,,,,,,0.34,,,,,,
318442,,,,,,,,,,,,,,,
318443,,1.09,,,,,,,1.09,,,,,,
318444,,0.20,,,,,,,0.20,,,,,,
318445,,0.02,,,,,,,0.02,,,,,,
318446,,0.02,,,,,,,0.02,,,,,,
318447,,1.05,,,,,,,1.05,,,,,,
318448,,,,,,,,,,,,,,,
318449,,1.84,,,,,,,1.84,,,,,,
318450,,1.70,1.95,,,,,,1.70,1.95,1.95,1.95,,,
318451,,2.21,3.50,,,,3.10,,2.21,3.50,3.50,3.50,,,
318452,,0.02,,,,,,,0.02,,,,,,
318453,,,,,,,,,,,,,,,
318454,,0.02,,,,,,,0.02,,,,,,
318455,,,2.45,,,,,,,2.45,2.45,2.45,,,
318456,,1.00,0.02,,,,,,1.00,0.95,0.95,0.95,,,
318457,,0.90,,,,,,,0.90,,,,,,
318458,,0.02,,,,,,,0.02,,,,,,
318459,,1.00,,,,,,,1.00,,,,,,
318460,,0.56,,,,,,,0.56,,,,,,
318461,,0.02,,,,,,,0.02,,,,,,
318462,,1.00,,,,,,,1.00,,,,,,
318463,,2.00,,,,,2.00,,2.00,,,,,,
318464,,0.03,,,,,,,0.03,,,,,,
318465,,0.71,,,,,,,0.71,,,,,,
318466,,0.02,,,,,,,0.02,,,,,,
318467,,0.03,,,,,,,0.03,,,,,,
318468,,0.03,,,,,,,0.03,,,,,,
318469,,0.03,,,,,,,0.03,,,,,,
318470,,25.00,,,,,,,25.00,,,,,,
318471,,,,,,,,,,,,,,,
318472,,0.02,,,,,,,0.02,,,,,,
318473,,2.44,,,,,3.30,,2.44,,,,,,
318474,,1.00,,,,,,,1.00,,,,,,
318475,,,2.38,,,,,,,2.38,2.38,2.38,,,
318476,,0.02,,,,,,,0.02,,,,,,
318477,,1.00,1.00,,,,,,1.00,1.00,1.00,1.00,,,
318478,,1.00,,,,,,,1.00,,,,,,
318479,,0.02,,,,,,,0.02,,,,,,
318480,,1.30,0.02,,,,,,1.30,1.50,1.50,1.50,,,
318481,,,,,,,,,,,,,,,
318482,,0.02,,,,,,,0.02,,,,,,
318483,,,,,,,,,,,,,,,
318484,,0.02,0.19,,,,,,0.02,0.19,0.19,0.19,,,
318485,,0.71,,,,,,,0.71,,,,,,
318486,,1.50,0.02,,,,,,1.50,1.00,1.00,1.00,,,
318487,,0.30,,,,,,,0.30,,,,,,
318488,,0.02,,,,,,,0.02,,,,,,
318489,,0.02,,,,,,,0.02,,,,,,
318490,,0.02,,,,,,,0.02,,,,,,
318491,,0.20,,,,,,,0.20,,,,,,
318492,,0.03,0.02,,,,,,0.03,0.05,0.05,0.05,,,
318493,,0.02,,,,,,,0.02,,,,,,
318494,,0.02,,,,,,,0.02,,,,,,
318495,,,,,,,,,,,,,,,
318496,,,,,,,,,,,,,,,
318497,,,,,,,,,,,,,,,
318498,,,,,,,,,,,,,,,
318499,,,,,,,,,,,,,,,
318500,,,,,,,,,,,,,,,
318501,,,,,,,,,,,,,,,
318502,,,0.10,,,,,,,0.10,0.10,0.10,,,
318503,,,,,,,,,,,,,,,
318504,,,0.10,,,,,,,0.10,0.10,0.10,,,
318505,,,0.10,,,,,,,0.10,0.10,0.10,,,
318506,,2.96,,,,,,,2.96,,,,,,
318507,,2.21,0.02,,,,,,2.21,5.00,5.00,5.00,,,
318508,,,,,,,,,,,,,,,
318509,,25.00,,,,,25.00,,25.00,,,,,,
318510,,25.00,10.00,,,,25.00,,25.00,10.00,10.00,10.00,,,
318511,,,,,,,,,,,,,,,
318512,,,0.99,,,,,,,0.99,1.00,1.00,,,
318513,,2.00,1.00,,,,,,2.00,1.00,1.50,1.50,,,
318514,,,,,,,,,,,,,,,
318515,,1.00,,,,,,,1.00,,,,,,
318516,,,,,,,,,,,,,,,
318517,,,,,,,,,,,,,,,
318518,,,1.00,,,,,,,1.00,1.33,1.33,,,
318519,,,,,,,,,,,,,,,
318520,,0.74,1.00,,,,,,0.74,1.00,1.00,1.00,,,
318521,,,,,,,,,,,,,,,
318522,,,0.10,,,,,,,0.10,0.10,0.10,,,
318523,,,0.10,,,,,,,0.10,0.10,0.10,,,
318524,,,,,,,,,,,,,,,
318525,,,0.10,,,,,,,0.10,0.10,0.10,,,
318526,,4.00,,,,,4.00,,4.00,,,,,,
318527,,0.25,0.10,,,,,,0.25,0.10,0.10,0.10,,,
318528,,,0.10,,,,,,,0.10,0.10,0.10,,,
318529,,0.49,,,,,,,0.49,,,,,,
318530,,2.00,,,,,,,2.00,,,,,,
318531,,4.50,,,,,,,4.50,,,,,,
318532,,1.00,,,,,,,1.00,,,,,,
318533,,,,,,,,,,,,,,,
318534,,,10.00,,,,,,,10.00,10.00,10.00,,,
318535,,0.49,,,,,,,0.49,,,,,,
318536,,0.50,,,,,,,0.50,,,,,,
318537,,1.00,,,,,,,1.00,,,,,,
318538,,,0.45,,,,,,,0.45,0.47,0.47,,,
318539,,1.00,,,,,,,1.00,,,,,,
318540,,,,,,,,,,,,,,,
318541,,0.71,0.02,,,,,,0.71,1.50,1.50,1.50,,,
318542,,,,,,,,,,,,,,,
318543,,5.00,0.02,,,,5.00,,5.00,4.00,4.00,4.00,,,
318544,,,0.10,,,,,,,0.10,0.10,0.10,,,
318545,,,,,,,,,,,,,,,
318546,,,3.00,,,,,,,3.00,3.50,3.50,,,
318547,,0.49,,,,,,,0.49,,,,,,
318548,,,,,,,,,,,,,,,
318549,,,0.10,,,,,,,0.10,0.10,0.10,,,
318550,,0.71,,,,,,,0.71,,,,,,
318551,,1.50,,,,,,,1.50,,,,,,
318552,,10.00,,,,,,,10.00,,,,,,
318553,,1.00,,,,,,,1.00,,,,,,
318554,,,,,,,,,,,,,,,
318555,,0.74,,,,,,,0.74,,,,,,
318556,,,,,,,,,,,,,,,
318557,,0.49,0.30,,,,,,0.49,0.30,0.30,0.30,,,
318558,,0.74,,,,,,,0.74,,,,,,
318559,,,0.02,,,,,,,0.49,0.49,0.49,,,
318560,,2.21,,,,,4.00,,2.21,,,,,,
318561,,,0.10,,,,,,,0.10,0.10,0.10,,,
318562,,,0.10,,,,,,,0.10,0.10,0.10,,,
318563,,2.96,1.00,,,,,,2.96,1.00,1.00,1.00,,,
318564,,2.21,,,,,2.50,,2.21,,,,,,
318565,,,0.30,,,,,,,0.30,0.30,0.30,,,
318566,,15.00,,,,,15.00,,15.00,,,,,,
318567,,1.46,,,,,,,1.46,,,,,,
318568,,0.50,,,,,,,0.50,,,,,,
318569,,,,,,,,,,,,,,,
318570,,1.50,0.02,,,,,,1.50,1.50,1.50,1.50,,,
318571,,2.21,,,,,,,2.21,,,,,,
318572,,,0.10,,,,,,,0.10,0.10,0.10,,,
318573,,,,,,,,,,,,,,,
318574,,,0.10,,,,,,,0.10,0.10,0.10,,,
318575,,0.71,0.94,,,,,,0.71,0.94,0.99,0.99,,,
318576,,0.05,,,,,,,0.05,,,,,,
318577,,5.00,,,,,5.00,,5.00,,,,,,
318578,,,,,,,,,,,,,,,
318579,,,,,,,,,,,,,,,
318580,,1.00,,,,,,,1.00,,,,,,
318581,,0.04,,,,,,,0.04,,,,,,
318582,,,0.10,,,,,,,0.10,0.10,0.10,,,
318583,,,,,,,,,,,,,,,
318584,,0.71,,,,,,,0.71,,,,,,
318585,,1.46,,,,,1.90,,1.46,,,,,,
318586,,,0.10,,,,,,,0.10,0.10,0.10,,,
318587,,,,,,,,,,,,,,,
318588,,,0.30,,,,,,,0.30,0.30,0.30,,,
318589,,3.50,,,,,,,3.50,,,,,,
318590,,20.00,10.00,,,,,,20.00,10.00,10.00,10.00,,,
318591,,,,,,,,,,,,,,,
318592,,,,,,,,,,,,,,,
318593,,,,,,,,,,,,,,,
318594,,0.25,0.10,,,,,,0.25,0.10,0.10,0.10,,,
318595,,0.50,,,,,,,0.50,,,,,,
318596,,0.25,,,,,,,0.25,,,,,,
318597,,,0.15,,,,,,,0.15,0.11,0.11,,,
318598,,,,,,,,,,,,,,,
318599,,,,,,,,,,,,,,,
318600,,11.00,,,,,11.00,,11.00,,,,,,
318601,,,,,,,,,,,,,,,
318602,,,,,,,,,,,,,,,
318603,,,,,,,,,,,,,,,
318604,,0.71,,,,,,,0.71,,,,,,
318605,,,,,,,,,,,,,,,
318606,,0.49,,,,,,,0.49,,,,,,
318607,,0.75,,,,,,,0.75,,,,,,
318608,,,,,,,,,,,,,,,
318609,,,,,,,,,,,,,,,
318610,,,,,,,,,,,,,,,
318611,,,,,,,,,,,,,,,
318612,,,,,,,,,,,,,,,
318613,,0.71,,,,,,,0.71,,,,,,
318614,,,,,,,,,,,,,,,
318615,,0.71,,,,,,,0.71,,,,,,
318616,,,0.10,,,,,,,0.10,0.10,0.10,,,
318617,,,0.10,,,,,,,0.10,0.10,0.10,,,
318618,,35.00,10.00,,,,35.00,,35.00,10.00,10.00,10.00,,,
318619,,,,,,,,,,,,,,,
318620,,0.71,,,,,,,0.71,,,,,,
318621,,,1.00,,,,,,,1.00,2.59,2.59,,,
318622,,,,,,,,,,,,,,,
318623,,,0.10,,,,,,,0.10,0.10,0.10,,,
318624,,,1.00,,,,,,,1.00,1.00,1.00,,,
318625,,0.49,,,,,,,0.49,,,,,,
318626,,,,,,,,,,,,,,,
318627,,,,,,,,,,,,,,,
318628,,,,,,,,,,,,,,,
318629,,0.49,0.10,,,,,,0.49,0.10,0.10,0.10,,,
318630,,,0.10,,,,,,,0.10,0.10,0.10,,,
318631,,0.49,,,,,,,0.49,,,,,,
318632,,0.49,,,,,,,0.49,,,,,,
318633,,,,,,,,,,,,,,,
318634,,0.06,,,,,,,0.06,,,,,,
318635,,0.25,,,,,,,0.25,,,,,,
318636,,,,,,,,,,,,,,,
318637,,,,,,,,,,,,,,,
318638,,,,,,,,,,,,,,,
318639,,,,,,,,,,,,,,,
318640,,,,,,,,,,,,,,,
318641,,,0.10,,,,,,,0.10,0.10,0.10,,,
318642,,,,,,,,,,,,,,,
318643,,1.50,,,,,,,1.50,,,,,,
318644,,1.50,,,,,,,1.50,,,,,,
318645,,,0.10,,,,,,,0.10,0.10,0.10,,,
318646,,4.00,,,,,,,4.00,,,,,,
318647,,,0.10,,,,,,,0.10,0.10,0.10,,,
318648,,,0.30,,,,,,,0.30,0.30,0.30,,,
318649,8.00,8.00,8.00,,,,,,8.00,8.00,8.00,8.00,,,
318650,,,,,,,,,,,,,,,
318651,,,,,,,,,,,,,,,
318652,,,,,,,,,,,,,,,
318653,,,,,,,,,,,,,,,
318654,1.50,1.50,1.50,,,,,,1.50,1.50,1.25,1.25,,,
318655,,,,,,,,,,,,,,,
318656,1.50,1.50,1.50,,,,,,1.50,1.50,1.25,1.25,,,
318657,,,0.30,,,,,,,0.30,0.30,0.30,,,
318658,,17.00,10.00,,,,,,17.00,10.00,15.00,15.00,,,
318659,1.50,1.50,1.50,,,,,,1.50,1.50,1.25,1.25,,,
318660,,,0.30,,,,,,,0.30,0.30,0.30,,,
318661,,,,,,,,,,,,,,,
318662,1.50,1.50,1.50,,,,,,1.50,1.50,1.17,1.17,,,
318663,1.50,1.50,1.38,,,,,,1.50,1.50,1.17,1.17,,,
318664,,,,,,,,,,,,,,,
318665,,,,,,,,,,,,,,,
318666,,,,,,,,,,,,,,,
318667,,,0.10,,,,,,,0.10,0.13,0.13,,,
318668,,,0.50,,,,,,,0.50,0.50,0.50,,,
318669,,,,,,,,,,,,,,,
318670,,,,,,,,,,,,,,,
318671,,4.00,3.00,,,,,,4.00,3.00,3.00,3.00,,,
318672,,1.50,,,,,,,1.50,,,,,,
318673,,,,,,,,,,,,,,,
318674,,,0.10,,,,,,,0.10,0.10,0.10,,,
318675,,2.00,,,,,,,2.00,,,,,,
318676,,,,,,,,,,,,,,,
318677,,10.00,,,,,,,10.00,,,,,,
318678,,1.50,,,,,,,1.50,,,,,,
318679,,,,,,,,,,,,,,,
318680,,,,,,,,,,,,,,,
318681,,1.50,,,,,,,1.50,,,,,,
318682,,,25.00,,,,,,,25.00,25.00,25.00,,,
318683,,,,,,,,,,,,,,,
318684,,1.50,,,,,,,1.50,,,,,,
318685,,,,,,,,,,,,,,,
318686,,1.50,,,,,,,1.50,,,,,,
318687,,,,,,,,,,,,,,,
318688,,1.50,,,,,,,1.50,,,,,,
318689,,,,,,,,,,,,,,,
318690,,,,,,,,,,,,,,,
318691,,,,,,,,,,,,,,,
318692,,,,,,,,,,,,,,,
318693,,,,,,,,,,,,,,,
318694,,5.00,0.02,,,,,,5.00,4.00,4.00,4.00,,,
318695,,4.00,0.02,,,,,,4.00,4.00,4.00,4.00,,,
318696,,,0.10,,,,,,,0.10,0.10,0.10,,,
318697,,,,,,,,,,,,,,,
318698,,1.50,,,,,,,1.50,,,,,,
318699,,,,,,,,,,,,,,,
318700,,1.50,1.00,,,,,,1.50,1.00,1.00,1.00,,,
318701,,,,,,,,,,,,,,,
318702,,,,,,,,,,,,,,,
318703,,,,,,,,,,,,,,,
318704,,,,,,,,,,,,,,,
318705,,1.50,,,,,,,1.50,,,,,,
318706,,,0.10,,,,,,,0.10,0.10,0.10,,,
318707,,,,,,,,,,,,,,,
318708,,,0.10,,,,,,,0.10,0.10,0.10,,,
318709,,,,,,,,,,,,,,,
318710,,,,,,,,,,,,,,,
318711,,1.50,,,,,,,1.50,,,,,,
318712,,6.00,,,,,,,6.00,,,,,,
318713,,,,,,,,,,,,,,,
318714,,,0.30,,,,,,,0.30,0.30,0.30,,,
318715,,,,,,,,,,,,,,,
318716,,,,,,,,,,,,,,,
318717,,1.50,1.00,,,,,,1.50,1.00,1.00,1.00,,,
318718,,,,,,,,,,,,,,,
318719,,1.50,,,,,,,1.50,,,,,,
318720,,,,,,,,,,,,,,,
318721,,4.00,0.02,,,,,,4.00,4.00,4.00,4.00,,,
318722,,,,,,,,,,,,,,,
318723,,,,,,,,,,,,,,,
318724,,,,,,,,,,,,,,,
318725,,1.50,,,,,,,1.50,,,,,,
318726,,,,,,,,,,,,,,,
318727,,,,,,,,,,,,,,,
318728,,15.00,,,,,,,15.00,,,,,,
318729,,1.50,,,,,,,1.50,,,,,,
318730,,,,,,,,,,,,,,,
318731,,,,,,,,,,,,,,,
318732,,6.00,,,,,,,6.00,,,,,,
318733,,,0.10,,,,,,,0.10,0.10,0.10,,,
318734,,,,,,,,,,,,,,,
318735,,,,,,,,,,,,,,,
318736,,,,,,,,,,,,,,,
318737,,,0.30,,,,,,,0.30,0.30,0.30,,,
318738,,,0.10,,,,,,,0.10,0.10,0.10,,,
318739,,3.00,,,,,,,3.00,,,,,,
318740,,,,,,,,,,,,,,,
318741,,17.00,10.00,,,,,,17.00,10.00,10.00,10.00,,,
318742,,,0.10,,,,,,,0.10,0.10,0.10,,,
318743,,,,,,,,,,,,,,,
318744,,4.00,,,,,,,4.00,,,,,,
318745,,,,,,,,,,,,,,,
318746,,4.00,3.00,,,,,,4.00,3.00,3.00,3.00,,,
318747,,,,,,,,,,,,,,,
318748,,,,,,,,,,,,,,,
318749,,1.50,,,,,,,1.50,,,,,,
318750,,,,,,,,,,,,,,,
318751,,,,,,,,,,,,,,,
318752,,,,,,,,,,,,,,,
318753,,,0.30,,,,,,,0.30,0.30,0.30,,,
318754,,1.50,,,,,,,1.50,,,,,,
318755,,6.90,10.00,,,,6.90,,6.90,10.00,10.00,10.00,,,
318756,,,89.99,,,,,,,89.99,89.99,89.99,,,
318757,,5.00,3.00,,,,,,5.00,3.00,3.00,3.00,,,
318758,,,,,,,,,,,,,,,
318759,,,0.10,,,,,,,0.10,0.10,0.10,,,
318760,,1.50,,,,,,,1.50,,,,,,
318761,,1.00,,,,,,,1.00,,,,,,
318762,,,,,,,,,,,,,,,
318763,,,,,,,,,,,,,,,
318764,,,,,,,,,,,,,,,
318765,,2.50,,,,,,,2.50,,,,,,
318766,,,,,,,,,,,,,,,
318767,,,,,,,,,,,,,,,
318768,,,,,,,,,,,,,,,
318769,,2.00,,,,,,,2.00,,,,,,
318770,,25.00,,,,,,,25.00,,,,,,
318771,,,,,,,,,,,,,,,
318772,,,,,,,,,,,,,,,
318773,,,,,,,,,,,,,,,
318774,,,,,,,,,,,,,,,
318775,,,,,,,,,,,,,,,
318776,,,,,,,,,,,,,,,
318777,,,,,,,,,,,,,,,
318778,,,,,,,,,,,,,,,
319930,,,,,,,,,,,,,,,
319931,,,,,,,,,,,,,,,
319932,,,,,,,,,,,,,,,
319933,,,,,,,,,,,,,,,
319934,,,,,,,,,,,,,,,
319935,,,,,,,,,,,,,,,
319936,,,,,,,,,,,,,,,
319937,,,,,,,,,,,,,,,
319938,,,,,,,,,,,,,,,
319939,,,,,,,,,,,,,,,
319940,,,,,,,,,,,,,,,
319941,,,,,,,,,,,,,,,
319942,,,,,,,,,,,,,,,
319943,,,,,,,,,,,,,,,
319944,,,,,,,,,,,,,,,
319945,,,,,,,,,,,,,,,
319946,,,,,,,,,,,,,,,
319947,,,,,,,,,,,,,,,
319948,,1.00,,,,,,,1.00,,,,,,
319949,,,,,,,,,,,,,,,
319950,,,,,,,,,,,,,,,
319951,,,,,,,,,,,,,,,
319952,,,,,,,,,,,,,,,
319953,,,,,,,,,,,,,,,
319954,,,,,,,,,,,,,,,
319955,,,,,,,,,,,,,,,
319956,,,,,,,,,,,,,,,
319957,,,,,,,,,,,,,,,
319958,,,,,,,,,,,,,,,
319959,,,,,,,,,,,,,,,
319960,,,,,,,,,,,,,,,
319961,,,,,,,,,,,,,,,
319962,,,,,,,,,,,,,,,
319963,,,,,,,,,,,,,,,
319964,,,,,,,,,,,,,,,
319965,,,,,,,,,,,,,,,
319966,,,,,,,,,,,,,,,
319967,,,,,,,,,,,,,,,
319968,,,,,,,,,,,,,,,
319969,,,,,,,,,,,,,,,
319970,,,,,,,,,,,,,,,
319971,,,,,,,,,,,,,,,
319972,,,,,,,,,,,,,,,
319973,,,,,,,,,,,,,,,
319974,,,,,,,,,,,,,,,
319975,,,,,,,,,,,,,,,
319976,,,,,,,,,,,,,,,
319977,,,,,,,,,,,,,,,
319978,,,,,,,,,,,,,,,
319979,,,,,,,,,,,,,,,
319980,,,,,,,,,,,,,,,
319981,,,,,,,,,,,,,,,
319982,,,,,,,,,,,,,,,
319983,,,,,,,,,,,,,,,
319984,,,,,,,,,,,,,,,
319985,,,,,,,,,,,,,,,
319986,,,,,,,,,,,,,,,
319987,,,,,,,,,,,,,,,
319988,,,,,,,,,,,,,,,
319989,,,,,,,,,,,,,,,
319990,,,,,,,,,,,,,,,
319991,,,,,,,,,,,,,,,
319992,,,,,,,,,,,,,,,
319993,,,,,,,,,,,,,,,
319994,,,,,,,,,,,,,,,
319995,,,,,,,,,,,,,,,
319996,,1.00,0.20,,,,,,1.00,0.20,0.20,0.20,,,
320018,,,,,,,,,,,,,,,
320019,,,,,,,,,,,,,,,
320020,,,,,,,,,,,,,,,
320021,,,,,,,,,,,,,,,
320022,,0.79,0.02,,,,0.79,0.02,0.79,,,,1.00,1.00,1.00
320023,,,,,,,,,,,,,,,
320024,,0.99,0.02,,,0.80,0.99,0.75,0.99,,,,0.80,1.20,1.20
320025,,0.49,0.02,,,,0.49,0.10,0.49,,,,0.15,0.43,0.43
320026,,1.99,,,,,1.99,,1.99,,,,,,
320027,,0.10,0.50,,,,0.10,0.23,0.10,,,,0.20,0.36,0.36
320028,,,0.02,,,,,1.40,,,,,1.40,0.95,0.95
320029,,0.65,0.02,,,,0.65,0.02,0.65,,,,0.79,0.79,0.79
320030,,0.15,,,,,0.15,0.16,0.15,,,,0.15,0.13,0.13
320031,,0.40,0.49,,,,0.40,0.06,0.40,,,,0.10,0.52,0.52
320032,,1.20,0.02,,,,1.20,0.02,1.20,,,,1.49,1.49,1.49
320033,,1.00,0.79,,,,1.00,0.79,,,,,0.79,0.90,0.90
320034,,1.00,0.02,,,,1.00,1.29,1.00,,,,1.29,1.29,1.29
320035,,,,,,,,,,,,,,,
320036,,0.99,0.02,,,,0.99,0.02,0.99,,,,1.00,1.00,1.00
320037,,0.39,,,,,0.39,,0.39,,,,,,
320038,,0.49,0.02,,,,0.49,0.10,0.49,,,,0.15,0.43,0.43
320039,,1.00,0.02,,,,1.00,0.02,1.00,,,,0.15,0.36,0.36
320040,,0.49,0.02,,,,0.49,0.10,0.49,,,,0.15,0.43,0.43
320041,,0.15,1.00,,,,0.15,0.08,0.15,,,,0.15,0.86,0.86
320042,,0.79,0.02,,,,0.79,0.10,0.79,,,,0.10,0.80,0.80
320043,,0.79,0.76,,,,0.79,1.93,0.79,,,,1.99,1.15,1.15
320044,,1.50,0.02,,,,1.50,0.02,1.50,,,,1.00,1.00,1.00
320045,,0.49,,,,,0.49,0.49,0.49,,,,0.49,0.23,0.23
320046,,,,,,,,,,,,,,,
320047,,,0.02,,,,,0.38,,,,,0.75,0.55,0.55
320048,,0.79,,,,,0.79,,0.79,,,,,,
320049,,,,,,,,0.02,,,,,1.00,1.00,1.00
320050,,0.99,,,,,0.99,0.95,0.99,,,,0.95,0.95,0.95
320051,,1.00,0.02,,,,1.00,0.10,1.00,,,,0.10,0.54,0.54
320052,,0.99,,,,,0.99,,0.99,,,,,,
320053,,1.99,,,,,1.99,,1.99,,,,,,
320054,,0.75,,,,,0.75,,0.75,,,,,,
320055,,,,,,,,0.02,,,,,1.50,1.50,1.50
320056,,0.75,,,,,0.75,,0.75,,,,,,
320057,,,,,,,,,,,,,,,
320058,,99.99,,,,,99.99,,99.99,,,,,,
320059,,,,,,,,,,,,,,,
320060,,,0.02,,,,,0.02,,2.50,2.50,2.50,2.19,2.19,2.19
320061,,,,,,,,,,,,,,,
320062,,,,,,,,,,,,,,,
320063,,,,,,,,,,,,,,,
320064,,,,,,,,,,,,,,,
320065,,,,,,,,,,,,,,,
320066,,4.00,,,,,4.00,,4.00,,,,,,
320067,,,,,,,,,,,,,,,
320068,,,,,,,,,,,,,,,
320069,,,,,,,,,,,,,,,
320070,,5.00,0.02,,,,5.00,,5.00,8.00,8.00,8.00,,,
320071,,1.00,,,,,1.00,,1.00,,,,,,
320072,,,,,,,,,,,,,,,
320073,,0.49,,,,,0.49,,0.49,,,,,,
320074,,1.00,,,,,1.00,0.20,1.00,,,,0.20,0.15,0.15
320075,,,,,,,,,,,,,,,
320076,,,,,,,,,,,,,,,
320077,,,,,,,,,,,,,,,
320078,,,,,,,,,,,,,,,
320079,,,2.00,,,,,2.00,,,,,2.00,3.00,3.00
320080,,,,,,,,,,,,,,,
320081,,1.49,,,,,1.49,0.02,1.49,,,,1.49,1.49,1.49
320082,,0.49,0.02,,,,0.49,0.15,0.49,,,,0.15,0.48,0.48
320083,,0.99,0.02,,,,0.99,0.02,0.99,,,,1.00,1.00,1.00
320084,,5.00,0.02,,,,5.00,0.02,5.00,,,,1.00,1.00,1.00
320085,,0.99,0.02,,,,0.99,0.99,0.99,,,,0.99,1.00,1.00
320086,,3.71,0.50,,,,3.71,1.09,3.71,,,,1.20,0.73,0.73
320087,,0.39,,,,,0.39,0.02,0.39,,,,1.00,1.00,1.00
320088,,,0.79,,,,,0.79,,,,,0.79,0.65,0.65
320089,,0.99,0.29,,,,0.99,0.09,0.99,,,,0.10,0.41,0.41
320090,,4.00,,,,,4.00,,4.00,,,,,,
320091,,1.29,,,,,1.29,,1.29,,,,,,
320092,,0.15,0.02,,,,0.15,0.13,0.15,,,,0.14,0.35,0.35
320093,,5.00,0.02,,,,5.00,1.98,5.00,,,,1.99,1.86,1.86
320094,,0.99,0.02,,,,0.99,0.15,0.99,,,,0.15,1.43,1.43
320095,,1.49,0.02,,,,1.49,0.02,1.49,,,,0.99,0.99,0.99
320096,,5.00,,,,,5.00,,5.00,,,,,,
320097,,1.29,,,,,1.29,,1.29,,,,,,
320098,,4.90,0.02,,,,4.90,0.02,4.90,,,,1.00,1.00,1.00
320099,,0.99,0.50,,,,0.99,0.50,0.99,,,,0.50,0.75,0.75
320100,,5.00,,,,,5.00,0.02,5.00,,,,1.79,1.79,1.79
320101,,2.00,0.02,,,,2.00,0.02,2.00,,,,1.00,1.00,1.00
320102,,1.29,,,,,1.29,0.02,1.29,,,,1.00,1.00,1.00
320103,,0.29,0.02,,,,0.29,0.10,0.29,,,,0.10,0.55,0.55
320104,,4.00,,,,,4.00,,4.00,,,,1.00,1.00,1.00
320105,,,0.50,,,,,1.49,,,,,1.99,0.90,0.90
320106,,1.50,,,,,1.50,1.99,1.50,,,,1.99,1.05,1.05
320107,,,0.02,,,,,1.99,,,,,1.99,1.14,1.14
320108,,1.99,,,,,1.99,0.10,1.99,,,,0.10,0.10,0.10
320109,,0.99,0.02,,,,0.99,1.00,0.99,,,,1.00,1.00,1.00
320110,,5.00,0.50,,,,5.00,0.07,5.00,,,,0.10,0.53,0.53
320111,,5.00,0.02,,,,5.00,0.02,5.00,,,,1.00,1.00,1.00
320112,,,,,,,,,,,,,,,
320113,,,0.02,,,,,0.02,,,,,1.00,1.00,1.00
320114,,,,,,,,0.02,,,,,0.50,0.50,0.50
320115,,10000.00,0.02,,,,10000.00,0.02,10000.00,,,,0.29,0.29,0.29
320116,,1.40,,,,,1.40,1.40,1.40,,,,1.40,1.40,1.40
320117,,,0.49,,,,,0.09,,,,,0.10,0.52,0.52
320118,,,,,,,,0.02,,,,,0.79,0.79,0.79
320119,,5.00,0.02,,,,5.00,0.02,5.00,,,,1.00,1.00,1.00
320120,,2.20,,,,,2.20,,2.20,,,,,,
320121,,1.99,,,,,1.99,,1.99,,,,2.00,2.00,2.00
320122,,0.49,0.02,,,,0.49,0.42,0.49,,,,0.49,0.66,0.66
320123,,0.90,,,,,0.90,,0.90,,,,,,
320124,,0.99,0.02,,,,0.99,0.99,0.99,,,,0.99,1.49,1.49
320125,,5.00,,,,,,,5.00,,,,,,
320126,,99.99,,,,,,2.99,99.99,,,,2.99,2.99,2.99
320127,,,,,,,,,,,,,,,
320128,,,,,,,,,,,,,,,
320129,,0.50,1.50,,,,0.50,0.50,0.50,1.50,2.00,2.00,0.50,0.50,0.50
320130,,,,,,,,,,,,,,,
320131,,,,,,,,,,,,,,,
320132,,,,,,,,,,,,,,,
320133,,,,,,,,,,,,,,,
320134,,,,,,,,,,,,,,,
320135,,,,,,,,,,,,,,,
320136,,,,,,,,,,,,,,,
320137,,,,,,,,,,,,,,,
320139,,,,,,,,,,,,,,,
320140,,,,,,,,,,,,,,,
320141,,,,,,,,,,,,,,,
320142,,1.00,0.10,,,,,,1.00,0.10,0.55,0.55,,,
320143,,,0.02,,,,,,,0.50,0.50,0.50,,,
320144,,,0.02,,,,,0.02,,,,,1.00,1.00,1.00
320145,,,,,,,,,,,,,,,
320146,,,,,,,,,,,,,,,
320147,,,,,,,,,,,,,,,
320148,,5.00,,,,,5.00,,5.00,,,,,,
320149,,,,,,,,,,,,,,,
320150,,,,,,,,,,,,,,,
320151,,,,,,,,,,,,,,,
320152,,,,,,,,1.00,,,,,1.00,0.55,0.55
320153,,,,,,,,,,,,,,,
320154,,5.00,,,,,5.00,,5.00,,,,,,
320155,,5.00,,,,,5.00,,5.00,,,,,,
320156,,5.00,0.02,,,,5.00,0.02,5.00,,,,1.50,1.50,1.50
320157,,,,,,,,,,,,,,,
320158,,5.00,,,,,5.00,,5.00,,,,,,
320159,,,0.02,,,,,0.02,,,,,1.00,1.00,1.00
320160,,,,,,,,,,,,,,,
320161,,0.99,,,,,0.99,,0.99,,,,,,
320162,,5.00,,,,,5.00,,5.00,,,,,,
320163,,,,,,,,,,,,,,,
320164,,3.00,,,,,3.00,,3.00,,,,,,
320165,,,,,,,,,,,,,,,
320166,,,,,,,,,,,,,,,
320167,,,0.02,,,,,0.10,,,,,0.10,0.55,0.55
320168,,,,,,,,,,,,,,,
320169,,,,,,,,,,,,,,,
320170,,,,,,,,,,,,,,,
320171,,,,,,,,,,,,,,,
320172,,5.00,,,,,5.00,,5.00,,,,,,
320173,,,,,,,,,,,,,,,
320174,,,,,,,,,,,,,,,
320175,,,,,,,,,,,,,,,
320176,,,,,,,,,,,,,,,
320177,,,,,,,,,,,,,,,
320178,,,,,,,,0.10,,,,,0.10,0.10,0.10
320179,,,,,,,,,,,,,,,
320180,,,,,,,,,,,,,,,
320181,,5.00,,,,,5.00,,5.00,,,,,,
320182,,,,,,,,,,,,,,,
320183,,,,,,,,,,,,,,,
320184,,,0.02,,,,,0.02,,,,,1.00,1.00,1.00
320185,,2.50,,,,,2.50,,2.50,,,,,,
320186,,,,,,,,,,,,,,,
320187,,,,,,,,,,,,,,,
320188,,1.00,,,,,1.00,0.10,1.00,,,,0.10,0.10,0.10
320189,,3.50,,,,,3.50,0.10,3.50,,,,0.10,0.10,0.10
320190,,,,,,,,0.10,,,,,0.10,0.10,0.10
320191,,,,,,,,4.00,,,,,4.00,4.00,4.00
320192,,,,,,,,,,,,,,,
320193,,,,,,,,2.00,,,,,2.00,2.00,2.00
320194,,4.00,,,,,4.00,4.00,4.00,,,,4.00,3.33,3.33
320195,,,,,,,,,,,,,,,
320197,,4.00,3.89,,,,,4.00,4.00,4.00,3.63,3.63,4.00,4.00,4.00
320198,,5.00,,,,,5.00,,5.00,,,,,,
320199,,5.00,,,,,,,5.00,,,,,,
320200,,,,,,,,,,,,,,,
320201,,,,,,,,,,,,,,,
320202,,1.00,1.35,,,,1.00,0.50,1.00,2.00,1.75,1.75,0.50,0.50,0.50
320203,,,,,,,,,,,,,,,
320204,,,,,,,,,,,,,,,
320205,,,,,,,,,,,,,,,
320206,,,,,,,,,,,,,,,
320207,,,,,,,,0.10,,,,,0.10,0.10,0.10
320208,,,,,,,,,,,,,,,
320209,,0.50,,,,,0.50,,0.50,,,,,,
320210,,,0.02,,,,,0.02,,,,,1.50,1.50,1.50
320211,,,,,,,,,,,,,,,
320212,,,0.02,,,,,0.10,,,,,0.10,0.80,0.80
320213,,25.00,,,,,25.00,,25.00,,,,,,
320214,,25.00,,,,,25.00,,25.00,,,,,,
320215,,,,,,,,,,,,,,,
320216,,,,,,,,,,,,,,,
320217,,,,,,,,,,,,,,,
320218,,10.00,,,,,10.00,,10.00,,,,,,
320219,,,0.02,,,,,0.02,,,,,1.50,1.50,1.50
320220,,,,,,,,,,,,,,,
320221,,,,,,,,,,,,,,,
320222,,,,,,,,,,,,,,,
320223,,,,,,,,,,,,,,,
320224,,,0.02,,,,,0.02,,,,,1.50,1.50,1.50
320225,,,,,,,,,,,,,,,
320226,,,,,,,,,,,,,,,
320227,,25.00,,,,,25.00,,25.00,,,,,,
320228,,,,,,,,0.10,,,,,0.10,0.10,0.10
320229,,,,,,,,,,,,,,,
320230,,,,,,,,,,,,,,,
320231,,5.00,,,,,5.00,0.10,5.00,,,,0.10,0.10,0.10
320232,,,0.02,,,,,0.10,,,,,0.10,0.80,0.80
320233,,,,,,,,,,,,,,,
320234,,,,,,,,,,,,,,,
320235,,,,,,,,0.10,,,,,0.10,0.10,0.10
320236,,,,,,,,,,,,,,,
320237,,,0.02,,,,,0.02,,,,,1.50,1.50,1.50
320238,,,,,,,,,,,,,,,
320239,,,,,,,,,,,,,,,
320240,,,,,,,,0.02,,,,,5.00,5.00,5.00
320242,,,,,,,,,,,,,,,
320243,,,,,,,,,,,,,,,
320245,,,0.02,,,,,0.10,,,,,0.10,1.05,1.05
320247,,15.00,,,,,15.00,0.10,15.00,,,,0.10,0.10,0.10
320248,,,,,,,,0.10,,,,,0.10,0.10,0.10
320249,,,,,,,,0.10,,,,,0.10,0.10,0.10
320251,,1.00,0.02,,,,1.00,0.10,1.00,,,,0.10,0.80,0.80
320252,,,,,,,,,,,,,,,
320253,,4.00,,,,,4.00,,4.00,,,,,,
320254,,,,,,,,,,,,,,,
320255,,,0.02,,,,,0.02,,,,,5.00,5.00,5.00
320256,,,,,,,,0.15,,,,,0.15,0.15,0.15
320257,,,,,,,,,,,,,,,
320262,,,,,,,,,,,,,,,
320263,,,,,,,,0.10,,,,,0.10,0.10,0.10
320264,,,,,,,,,,,,,,,
320265,,,,,,,,,,,,,,,
320266,,3.00,,,,,,,3.00,,,,,,
320268,,1.49,1.50,,,,1.49,,1.49,1.50,1.75,1.75,,,
320269,,,,,,,,,,,,,,,
320270,,,,,,,,,,,,,,,
320272,,,,,,,,,,,,,,,
320293,,30.00,,,,,,,30.00,,,,,,
320294,,,,,,,,,,,,,,,
320295,,,,,,,,,,,,,,,
320296,,,,,,,,,,,,,,,
320297,,,,,,,,,,,,,,,
320298,,,,,,,,,,,,,,,
320299,,10.00,,,,,10.00,,10.00,,,,,,
320300,,4.90,,,,,4.90,4.90,4.90,,,,4.90,4.90,4.90
320301,,10.00,,,,,10.00,,10.00,,,,,,
320302,,,,,,,,,,,,,,,
320303,,10.00,,,,,10.00,5.00,10.00,,,,5.00,6.67,6.67
320304,,,,,,,,,,,,,,,
320305,,3.00,0.02,,,,3.00,2.75,3.00,2.50,2.50,2.50,3.00,2.75,2.75
320306,,,,,,,,,,,,,5.00,5.00,5.00
320307,,,,,,,,,,,,,,,
320308,,,0.02,,,,,0.02,,2.50,2.50,2.50,10.00,10.00,10.00
320309,,,,,,,,,,,,,,,
320310,,,,,,,,,,,,,,,
320311,,,,,,,,3.00,,,,,3.00,3.00,3.00
320312,,,,,,,,,,,,,3.00,3.00,3.00
320313,,,,,,,,20.00,,,,,20.00,20.00,20.00
320314,,,,,,,,,,,,,,,
320315,,,,,,,,,,,,,,,
320316,,,,,,,,,,,,,,,
320317,,,,,,,,,,,,,,,
320318,,,,,,,,,,,,,,,
320319,,,,,,,,,,,,,,,
320320,,,,,,,,,,,,,,,
320321,,5.50,9.95,,,,5.50,,5.50,9.95,5.98,5.98,,,
320322,,10.00,,,,,10.00,,10.00,,,,,,
320323,,,,,,,,,,,,,,,
320324,,3.00,,,,,4.00,4.00,3.00,,,,4.00,4.00,4.00
320325,,,,,,,,,,,,,,,
320326,,10.00,,,,,10.00,,10.00,,,,,,
320327,,,,,,,,,,,,,,,
320328,,,,,,,,0.02,,,,,5.00,5.00,5.00
320329,,,,,,,,,,,,,,,
320330,,1.00,,,,,1.00,1.99,1.00,,,,1.99,1.99,1.99
320331,,,,,,,,3.99,,,,,3.90,3.08,3.08
320332,,10.00,,,,,10.00,,10.00,,,,,,
320333,,,,,,,,,,,,,,,
320334,,1.25,1.50,,,,1.25,,1.25,1.50,1.83,1.83,,,
320335,,,,,,,,,,,,,,,
320336,,,,,,,,,,,,,,,
320337,,21.90,35.00,,,,21.90,,21.90,35.00,35.00,35.00,,,
320338,,4.50,,,,,4.50,,4.50,,,,,,
320339,,4.00,,,,,,,4.00,,,,,,
320340,,10.00,5.00,,,,10.00,,10.00,5.00,5.00,5.00,,,
320341,,3.99,,,,,3.99,,3.99,,,,,,
320342,,,,,,,,9.99,,,,,9.99,9.99,9.99
320343,,5.50,5.00,,,,5.50,,5.50,5.00,2.90,2.90,,,
320344,,9.99,,,,,9.99,0.02,9.99,,,,10.00,10.00,10.00
320345,,,,,,,,,,,,,,,
320346,,,,,,,,,,,,,,,
320347,,,,,,,,,,,,,,,
320348,,,,,,,,,,,,,,,
320349,,,,,,,,,,,,,,,
320350,,1.50,,,,,1.50,1.84,1.50,,,,1.99,2.19,2.19
320351,,,,,,,,,,,,,,,
320352,,,,,,,,,,,,,,,
320353,,,,,,,,5.00,,,,,5.00,5.00,5.00
320354,,,,,,,,,,,,,,,
320355,,,,,,,,,,,,,,,
320356,,,,,,,,,,,,,,,
320357,,,,,,,,,,,,,,,
320358,,,,,,,,,,,,,,,
320359,,,,,,,,,,,,,,,
320360,,,5.00,,,,,,,5.00,5.00,5.00,,,
320361,,,,,,,,,,,,,,,
320412,,4.50,,,,,4.50,,4.50,,,,,,
320413,,10.00,,,,,,,10.00,,,,,,
320414,,,,,,,,,,,,,,,
320429,,,,,,,,,,,,,,,
320430,,,,,,,,,,,,,,,
320431,,,,,,,,,,,,,,,
320432,,,,,,,,,,,,,,,
320433,,,,,,,,,,,,,,,
320434,,,,,,,,,,,,,,,
320435,,,,,,,,,,,,,,,
320436,,3.00,,,,,,,3.00,,,,,,
320437,,,,,,,,,,,,,,,
320438,,,0.02,,,,,,,3.00,3.00,3.00,,,
320439,,,,,,,,,,,,,,,
320440,,,,,,,,,,,,,,,
320441,,,,,,,,,,,,,,,
320442,,,,,,,,,,,,,,,
320443,,,,,,,,,,,,,,,
320444,,,,,,,,,,,,,,,
320445,,0.02,,,,,,,0.02,,,,,,
320446,,,,,,,,,,,,,,,
320447,,,,,,,,,,,,,,,
320448,,,,,,,,,,0.02,0.02,0.02,,,
320449,,,,,,,,,,,,,,,
320450,,,,,,,,,,,,,,,
320451,,,,,,,,,,,,,,,
362146,,,,,,,,,,,,,,,
362147,,,,,,,,,,,,,,,
367105,,2.00,,,,,,,2.00,,,,,,
367106,,,,,,,,,,,,,,,
367107,,,0.10,,,,,,,0.10,0.10,0.10,,,
367108,,0.25,,,,,,,0.25,,,,,,
367109,,,0.10,,,,,,,0.10,0.10,0.10,,,
367110,,8.00,,,,,,,8.00,,,,,,
367111,,,,,,,,,,,,,,,
367112,,,0.10,,,,,,,0.10,0.10,0.10,,,
367113,,,0.10,,,,,,,0.10,0.10,0.10,,,
367114,,,0.10,,,,,,,0.10,0.10,0.10,,,
367115,,,0.10,,,,,,,0.10,0.10,0.10,,,
367116,,,,,,,,,,,,,,,
367117,,2.25,2.25,,,,,,2.25,2.25,2.25,2.25,,,
367118,,,,,,,,,,,,,,,
367119,,0.25,0.30,,,,,,0.25,0.30,0.30,0.30,,,
367120,,,,,,,,,,,,,,,
367121,,,,,,,,,,,,,,,
367122,,,,,,,,,,,,,,,
367123,,,,,,,,,,,,,,,
367124,,,,,,,,,,,,,,,
367125,,,,,,,,,,,,,,,
367126,,,,,,,,,,,,,,,
367127,,,,,,,,,,,,,,,
367128,,,10.00,,,,,,,10.00,10.00,10.00,,,
367129,,,0.10,,,,,,,0.10,0.10,0.10,,,
367130,,2.00,2.00,,,,,,2.00,2.00,2.00,2.00,,,
367131,,,,,,,,,,,,,,,
367132,,,30.00,,,,,,,30.00,30.00,30.00,,,
367133,,,14.99,,,,,,,14.99,14.99,14.99,,,
367134,,,0.10,,,,,,,0.10,0.10,0.10,,,
367135,,3.00,3.00,,,,,,3.00,3.00,3.00,3.00,,,
367136,,,10.00,,,,,,,10.00,17.50,17.50,,,
367139,,,0.10,,,,,,,0.10,0.10,0.10,,,
367140,,0.25,0.30,,,,,,0.25,0.30,0.40,0.40,,,
367274,,,0.10,,,,,,,0.10,0.10,0.10,,,
367275,,0.25,0.30,,,,,,0.25,0.30,0.30,0.30,,,
367276,,2.25,,,,,,,2.25,,,,,,
367277,,3.00,,,,,,,3.00,,,,,,
367278,,0.25,0.30,,,,,,0.25,0.30,0.30,0.30,,,
367279,,,,,,,,,,,,,,,
367280,,,0.10,,,,,,,0.10,0.10,0.10,,,
367281,,2.00,,,,,,,2.00,,,,,,
367282,,,0.10,,,,,,,0.10,0.10,0.10,,,
367319,,,,,,,,,,,,,,,
367338,,,,,,,,,,,,,,,
367339,,,,,,,,,,,,,,,
367340,,1.50,,,,,,,1.50,,,,,,
367341,,6.00,,,,,,,6.00,,,,,,
367342,,8.00,,,,,,,8.00,,,,,,
367343,,,0.02,,,,,,,25.00,25.00,25.00,,,
367344,,,,,,,,,,,,,,,
367345,,,0.10,,,,,,,0.10,0.10,0.10,,,
367346,,,0.30,,,,,,,0.30,0.30,0.30,,,
367347,,0.25,,,,,,,0.25,,,,,,
367348,,0.25,0.30,,,,,,0.25,0.30,0.30,0.30,,,
367349,,0.25,,,,,,,0.25,,,,,,
367350,,1.50,,,,,,,1.50,,,,,,
367351,,2.00,,,,,,,2.00,,,,,,
367352,,8.00,,,,,,,8.00,,,,,,
367355,,2.75,,,,,,,2.75,,,,,,
367356,,1.50,,,,,,,1.50,,,,,,
367377,,,0.10,,,,,,,0.10,0.10,0.10,,,
367380,,2.00,,,,,,,2.00,,,,,,
367381,,2.50,,,,,,,2.50,,,,,,
367382,,,,,,,,,,,,,,,
367383,,0.25,0.30,,,,,,0.25,0.30,0.30,0.30,,,
367384,,0.25,,,,,,,0.25,,,,,,
367385,,1.50,,,,,,,1.50,,,,,,
367386,,2.00,,,,,,,2.00,,,,,,
367443,,6.00,,,,,,,6.00,,,,,,
367444,,7.00,0.02,,,,,,7.00,7.00,7.00,7.00,,,
367445,,1.50,,,,,,,1.50,,,,,,
367446,,0.25,0.30,,,,,,0.25,0.30,0.30,0.30,,,
367447,,3.00,,,,,,,3.00,,,,,,
367448,,,,,,,,,,,,,,,
367534,,,,,,,,,,,,,,,
367535,,,,,,,,,,,,,,,
367536,,0.25,,,,,,,0.25,,,,,,
367537,,0.25,,,,,,,0.25,,,,,,
367538,,,,,,,,,,,,,,,
367539,,,,,,,,,,,,,,,
367540,,,,,,,,,,,,,,,
367541,,,0.10,,,,,,,0.10,0.10,0.10,,,
367542,,0.25,0.30,,,,,,0.25,0.30,0.30,0.30,,,
367543,,8.00,,,,,,,8.00,,,,,,
367544,,,0.10,,,,,,,0.10,0.10,0.10,,,
367545,,,8.00,,,,,,,8.00,8.25,8.25,,,
367546,,0.25,,,,,,,0.25,,,,,,
367547,,,,,,,,,,,,,,,
367548,,,0.10,,,,,,,0.10,0.10,0.10,,,
367549,,,,,,,,,,,,,,,
367550,,,,,,,,,,,,,,,
367551,,2.00,,,,,,,2.00,,,,,,
367552,,0.25,,,,,,,0.25,,,,,,
367553,,,,,,,,,,,,,,,
367554,,,,,,,,,,,,,,,
367555,,,0.10,,,,,,,0.10,0.10,0.10,,,
367556,,,,,,,,,,,,,,,
367557,,,,,,,,,,,,,,,
367558,,2.00,,,,,,,2.00,,,,,,
367559,,0.25,,,,,,,0.25,,,,,,
367560,,,,,,,,,,,,,,,
367561,,,0.10,,,,,,,0.10,0.10,0.10,,,
367562,,,0.10,,,,,,,0.10,0.10,0.10,,,
367563,,2.00,,,,,,,2.00,,,,,,
367564,,,0.10,,,,,,,0.10,0.10,0.10,,,
367565,,2.00,,,,,,,2.00,,,,,,
367566,,1.50,,,,,,,1.50,,,,,,
367567,,,0.10,,,,,,,0.10,0.10,0.10,,,
367568,,8.00,,,,,,,8.00,,,,,,
367569,,,0.10,,,,,,,0.10,0.13,0.13,,,
367570,,,,,,,,,,,,,,,
367571,,,,,,,,,,,,,,,
367572,,,0.10,,,,,,,0.10,0.10,0.10,,,
367573,,,0.10,,,,,,,0.10,0.10,0.10,,,
367574,,,0.10,,,,,,,0.10,0.10,0.10,,,
367575,,,,,,,,,,,,,,,
367576,,2.00,,,,,,,2.00,,,,,,
367577,,,0.10,,,,,,,0.10,0.10,0.10,,,
367578,,2.25,,,,,,,2.25,,,,,,
367579,,0.25,,,,,,,0.25,,,,,,
367580,,0.25,0.30,,,,,,0.25,0.30,0.30,0.30,,,
367581,,,0.02,,,,,,,25.00,25.00,25.00,,,
367582,,,0.10,,,,,,,0.10,0.10,0.10,,,
367583,,0.25,,,,,,,0.25,,,,,,
367584,,,0.10,,,,,,,0.10,0.10,0.10,,,
367585,,0.25,,,,,,,0.25,,,,,,
367586,,2.00,,,,,,,2.00,,,,,,
367587,,,0.10,,,,,,,0.10,0.10,0.10,,,
367588,,0.25,,,,,,,0.25,,,,,,
367589,,,0.10,,,,,,,0.10,0.10,0.10,,,
367590,,2.00,,,,,,,2.00,,,,,,
367591,,,,,,,,,,,,,,,
367592,,0.25,,,,,,,0.25,,,,,,
367593,,0.25,,,,,,,0.25,,,,,,
367594,,2.50,,,,,,,2.50,,,,,,
367595,,0.25,0.30,,,,,,0.25,0.30,0.30,0.30,,,
367596,,,,,,,,,,,,,,,
367597,,,,,,,,,,,,,,,
367598,,,,,,,,,,,,,,,
367599,,,0.10,,,,,,,0.10,0.10,0.10,,,
367613,,,,,,,,,,,,,,,
